0.000000 0.000000
0.016667 0.000000
0.033333 0.000001
0.050000 0.000001
0.066667 0.000003
0.083333 0.000004
0.100000 0.000007
0.116667 0.000010
0.133333 0.000013
0.150000 0.000018
0.166667 0.000023
0.183333 0.000029
0.200000 0.000037
0.216667 0.000045
0.233333 0.000054
0.250000 0.000065
0.266667 0.000076
0.283333 0.000089
0.300000 0.000104
0.316667 0.000119
0.333333 0.000136
0.350000 0.000155
0.366667 0.000175
0.383333 0.000197
0.400000 0.000221
0.416667 0.000246
0.433333 0.000273
0.450000 0.000302
0.466667 0.000332
0.483333 0.000365
0.500000 0.000400
0.516667 0.000437
0.533333 0.000476
0.550000 0.000517
0.566667 0.000560
0.583333 0.000606
0.600000 0.000654
0.616667 0.000704
0.633333 0.000757
0.650000 0.000812
0.666667 0.000870
0.683333 0.000931
0.700000 0.000994
0.716667 0.001060
0.733333 0.001128
0.750000 0.001200
0.766667 0.001274
0.783333 0.001352
0.800000 0.001432
0.816667 0.001516
0.833333 0.001602
0.850000 0.001692
0.866667 0.001785
0.883333 0.001881
0.900000 0.001980
0.916667 0.002083
0.933333 0.002189
0.950000 0.002298
0.966667 0.002411
0.983333 0.002528
1.000000 0.002648
1.016667 0.002771
1.033333 0.002899
1.050000 0.003030
1.066667 0.003164
1.083333 0.003303
1.100000 0.003445
1.116667 0.003592
1.133333 0.003742
1.150000 0.003896
1.166667 0.004054
1.183333 0.004216
1.200000 0.004383
1.216667 0.004553
1.233333 0.004728
1.250000 0.004906
1.266667 0.005089
1.283333 0.005277
1.300000 0.005468
1.316667 0.005664
1.333333 0.005865
1.350000 0.006069
1.366667 0.006279
1.383333 0.006493
1.400000 0.006711
1.416667 0.006934
1.433333 0.007161
1.450000 0.007394
1.466667 0.007630
1.483333 0.007872
1.500000 0.008118
1.516667 0.008370
1.533333 0.008626
1.550000 0.008887
1.566667 0.009152
1.583333 0.009423
1.600000 0.009699
1.616667 0.009980
1.633333 0.010265
1.650000 0.010556
1.666667 0.010852
1.683333 0.011153
1.700000 0.011459
1.716667 0.011771
1.733333 0.012088
1.750000 0.012410
1.766667 0.012737
1.783333 0.013070
1.800000 0.013408
1.816667 0.013751
1.833333 0.014100
1.850000 0.014454
1.866667 0.014814
1.883333 0.015180
1.900000 0.015551
1.916667 0.015927
1.933333 0.016310
1.950000 0.016697
1.966667 0.017091
1.983333 0.017490
2.000000 0.017896
2.016667 0.018306
2.033333 0.018723
2.050000 0.019146
2.066667 0.019574
2.083333 0.020008
2.100000 0.020449
2.116667 0.020895
2.133333 0.021347
2.150000 0.021806
2.166667 0.022270
2.183333 0.022741
2.200000 0.023217
2.216667 0.023700
2.233333 0.024189
2.250000 0.024685
2.266667 0.025186
2.283333 0.025694
2.300000 0.026208
2.316667 0.026729
2.333333 0.027255
2.350000 0.027789
2.366667 0.028328
2.383333 0.028875
2.400000 0.029427
2.416667 0.029987
2.433333 0.030552
2.450000 0.031125
2.466667 0.031704
2.483333 0.032289
2.500000 0.032882
2.516667 0.033481
2.533333 0.034086
2.550000 0.034699
2.566667 0.035318
2.583333 0.035944
2.600000 0.036577
2.616667 0.037217
2.633333 0.037864
2.650000 0.038518
2.666667 0.039178
2.683333 0.039846
2.700000 0.040521
2.716667 0.041202
2.733333 0.041891
2.750000 0.042587
2.766667 0.043290
2.783333 0.044001
2.800000 0.044718
2.816667 0.045443
2.833333 0.046175
2.850000 0.046914
2.866667 0.047661
2.883333 0.048415
2.900000 0.049176
2.916667 0.049944
2.933333 0.050721
2.950000 0.051504
2.966667 0.052295
2.983333 0.053094
3.000000 0.053900
3.016667 0.054713
3.033333 0.055535
3.050000 0.056363
3.066667 0.057200
3.083333 0.058044
3.100000 0.058896
3.116667 0.059756
3.133333 0.060623
3.150000 0.061498
3.166667 0.062381
3.183333 0.063272
3.200000 0.064171
3.216667 0.065077
3.233333 0.065992
3.250000 0.066914
3.266667 0.067844
3.283333 0.068783
3.300000 0.069729
3.316667 0.070684
3.333333 0.071646
3.350000 0.072617
3.366667 0.073596
3.383333 0.074583
3.400000 0.075578
3.416667 0.076582
3.433333 0.077593
3.450000 0.078613
3.466667 0.079642
3.483333 0.080678
3.500000 0.081723
3.516667 0.082776
3.533333 0.083838
3.550000 0.084908
3.566667 0.085987
3.583333 0.087074
3.600000 0.088169
3.616667 0.089274
3.633333 0.090386
3.650000 0.091507
3.666667 0.092637
3.683333 0.093776
3.700000 0.094923
3.716667 0.096079
3.733333 0.097244
3.750000 0.098417
3.766667 0.099599
3.783333 0.100790
3.800000 0.101990
3.816667 0.103198
3.833333 0.104416
3.850000 0.105642
3.866667 0.106877
3.883333 0.108122
3.900000 0.109375
3.916667 0.110637
3.933333 0.111908
3.950000 0.113189
3.966667 0.114478
3.983333 0.115777
4.000000 0.117084
4.016667 0.118401
4.033333 0.119727
4.050000 0.121062
4.066667 0.122406
4.083333 0.123760
4.100000 0.125123
4.116667 0.126495
4.133333 0.127877
4.150000 0.129268
4.166667 0.130668
4.183333 0.132078
4.200000 0.133497
4.216667 0.134925
4.233333 0.136364
4.250000 0.137811
4.266667 0.139268
4.283333 0.140735
4.300000 0.142211
4.316667 0.143697
4.333333 0.145192
4.350000 0.146698
4.366667 0.148212
4.383333 0.149737
4.400000 0.151271
4.416667 0.152815
4.433333 0.154369
4.450000 0.155933
4.466667 0.157506
4.483333 0.159089
4.500000 0.160682
4.516667 0.162285
4.533333 0.163898
4.550000 0.165521
4.566667 0.167154
4.583333 0.168797
4.600000 0.170450
4.616667 0.172113
4.633333 0.173786
4.650000 0.175469
4.666667 0.177162
4.683333 0.178866
4.700000 0.180579
4.716667 0.182303
4.733333 0.184037
4.750000 0.185781
4.766667 0.187535
4.783333 0.189300
4.800000 0.191075
4.816667 0.192860
4.833333 0.194656
4.850000 0.196462
4.866667 0.198279
4.883333 0.200106
4.900000 0.201943
4.916667 0.203791
4.933333 0.205649
4.950000 0.207518
4.966667 0.209398
4.983333 0.211288
5.000000 0.213188
5.016667 0.215099
5.033333 0.217021
5.050000 0.218954
5.066667 0.220897
5.083333 0.222851
5.100000 0.224816
5.116667 0.226791
5.133333 0.228777
5.150000 0.230774
5.166667 0.232782
5.183333 0.234801
5.200000 0.236830
5.216667 0.238871
5.233333 0.240922
5.250000 0.242985
5.266667 0.245058
5.283333 0.247142
5.300000 0.249237
5.316667 0.251344
5.333333 0.253461
5.350000 0.255590
5.366667 0.257729
5.383333 0.259880
5.400000 0.262042
5.416667 0.264215
5.433333 0.266399
5.450000 0.268594
5.466667 0.270801
5.483333 0.273019
5.500000 0.275248
5.516667 0.277489
5.533333 0.279741
5.550000 0.282004
5.566667 0.284279
5.583333 0.286565
5.600000 0.288862
5.616667 0.291171
5.633333 0.293492
5.650000 0.295824
5.666667 0.298167
5.683333 0.300522
5.700000 0.302888
5.716667 0.305267
5.733333 0.307656
5.750000 0.310058
5.766667 0.312471
5.783333 0.314895
5.800000 0.317332
5.816667 0.319780
5.833333 0.322239
5.850000 0.324711
5.866667 0.327194
5.883333 0.329690
5.900000 0.332197
5.916667 0.334715
5.933333 0.337246
5.950000 0.339789
5.966667 0.342343
5.983333 0.344910
6.000000 0.347488
6.016667 0.350079
6.033333 0.352681
6.050000 0.355296
6.066667 0.357922
6.083333 0.360561
6.100000 0.363211
6.116667 0.365874
6.133333 0.368549
6.150000 0.371236
6.166667 0.373936
6.183333 0.376647
6.200000 0.379371
6.216667 0.382107
6.233333 0.384855
6.250000 0.387616
6.266667 0.390389
6.283333 0.393174
6.300000 0.395971
6.316667 0.398781
6.333333 0.401604
6.350000 0.404438
6.366667 0.407286
6.383333 0.410145
6.400000 0.413018
6.416667 0.415902
6.433333 0.418800
6.450000 0.421709
6.466667 0.424632
6.483333 0.427567
6.500000 0.430514
6.516667 0.433475
6.533333 0.436447
6.550000 0.439433
6.566667 0.442431
6.583333 0.445442
6.600000 0.448466
6.616667 0.451503
6.633333 0.454552
6.650000 0.457614
6.666667 0.460689
6.683333 0.463777
6.700000 0.466878
6.716667 0.469991
6.733333 0.473118
6.750000 0.476257
6.766667 0.479410
6.783333 0.482575
6.800000 0.485753
6.816667 0.488945
6.833333 0.492149
6.850000 0.495367
6.866667 0.498598
6.883333 0.501841
6.900000 0.505098
6.916667 0.508368
6.933333 0.511652
6.950000 0.514948
6.966667 0.518258
6.983333 0.521581
7.000000 0.524917
7.016667 0.528266
7.033333 0.531629
7.050000 0.535005
7.066667 0.538394
7.083333 0.541797
7.100000 0.545213
7.116667 0.548643
7.133333 0.552086
7.150000 0.555542
7.166667 0.559012
7.183333 0.562496
7.200000 0.565992
7.216667 0.569503
7.233333 0.573027
7.250000 0.576564
7.266667 0.580116
7.283333 0.583680
7.300000 0.587259
7.316667 0.590851
7.333333 0.594457
7.350000 0.598076
7.366667 0.601709
7.383333 0.605356
7.400000 0.609017
7.416667 0.612691
7.433333 0.616379
7.450000 0.620082
7.466667 0.623797
7.483333 0.627527
7.500000 0.631271
7.516667 0.635028
7.533333 0.638800
7.550000 0.642585
7.566667 0.646385
7.583333 0.650198
7.600000 0.654025
7.616667 0.657867
7.633333 0.661722
7.650000 0.665592
7.666667 0.669476
7.683333 0.673373
7.700000 0.677285
7.716667 0.681211
7.733333 0.685151
7.750000 0.689106
7.766667 0.693074
7.783333 0.697057
7.800000 0.701054
7.816667 0.705066
7.833333 0.709091
7.850000 0.713131
7.866667 0.717185
7.883333 0.721254
7.900000 0.725337
7.916667 0.729434
7.933333 0.733546
7.950000 0.737673
7.966667 0.741813
7.983333 0.745968
8.000000 0.750138
8.016667 0.754322
8.033333 0.758521
8.050000 0.762734
8.066667 0.766962
8.083333 0.771205
8.100000 0.775462
8.116667 0.779733
8.133333 0.784020
8.150000 0.788321
8.166667 0.792637
8.183333 0.796967
8.200000 0.801312
8.216667 0.805672
8.233333 0.810047
8.250000 0.814436
8.266667 0.818841
8.283333 0.823260
8.300000 0.827694
8.316667 0.832143
8.333333 0.836607
8.350000 0.841085
8.366667 0.845579
8.383333 0.850087
8.400000 0.854611
8.416667 0.859150
8.433333 0.863703
8.450000 0.868272
8.466667 0.872855
8.483333 0.877454
8.500000 0.882068
8.516667 0.886697
8.533333 0.891341
8.550000 0.896000
8.566667 0.900675
8.583333 0.905364
8.600000 0.910069
8.616667 0.914789
8.633333 0.919524
8.650000 0.924275
8.666667 0.929041
8.683333 0.933822
8.700000 0.938618
8.716667 0.943430
8.733333 0.948257
8.750000 0.953100
8.766667 0.957958
8.783333 0.962831
8.800000 0.967720
8.816667 0.972624
8.833333 0.977544
8.850000 0.982480
8.866667 0.987430
8.883333 0.992397
8.900000 0.997379
8.916667 1.002376
8.933333 1.007389
8.950000 1.012418
8.966667 1.017463
8.983333 1.022523
9.000000 1.027598
9.016667 1.032690
9.033333 1.037797
9.050000 1.042920
9.066667 1.048058
9.083333 1.053213
9.100000 1.058383
9.116667 1.063569
9.133333 1.068771
9.150000 1.073989
9.166667 1.079222
9.183333 1.084472
9.200000 1.089737
9.216667 1.095018
9.233333 1.100316
9.250000 1.105629
9.266667 1.110958
9.283333 1.116303
9.300000 1.121665
9.316667 1.127042
9.333333 1.132435
9.350000 1.137845
9.366667 1.143270
9.383333 1.148712
9.400000 1.154170
9.416667 1.159644
9.433333 1.165134
9.450000 1.170640
9.466667 1.176163
9.483333 1.181702
9.500000 1.187257
9.516667 1.192828
9.533333 1.198416
9.550000 1.204020
9.566667 1.209640
9.583333 1.215277
9.600000 1.220930
9.616667 1.226599
9.633333 1.232285
9.650000 1.237987
9.666667 1.243706
9.683333 1.249441
9.700000 1.255192
9.716667 1.260961
9.733333 1.266745
9.750000 1.272546
9.766667 1.278364
9.783333 1.284198
9.800000 1.290049
9.816667 1.295917
9.833333 1.301801
9.850000 1.307702
9.866667 1.313619
9.883333 1.319553
9.900000 1.325504
9.916667 1.331472
9.933333 1.337456
9.950000 1.343457
9.966667 1.349475
9.983333 1.355510
10.000000 1.361561
10.016667 1.367630
10.033333 1.373715
10.050000 1.379817
10.066667 1.385936
10.083333 1.392072
10.100000 1.398225
10.116667 1.404394
10.133333 1.410581
10.150000 1.416785
10.166667 1.423006
10.183333 1.429243
10.200000 1.435498
10.216667 1.441770
10.233333 1.448059
10.250000 1.454365
10.266667 1.460688
10.283333 1.467029
10.300000 1.473386
10.316667 1.479761
10.333333 1.486153
10.350000 1.492562
10.366667 1.498988
10.383333 1.505431
10.400000 1.511892
10.416667 1.518370
10.433333 1.524866
10.450000 1.531378
10.466667 1.537908
10.483333 1.544456
10.500000 1.551021
10.516667 1.557603
10.533333 1.564202
10.550000 1.570819
10.566667 1.577454
10.583333 1.584106
10.600000 1.590775
10.616667 1.597462
10.633333 1.604167
10.650000 1.610889
10.666667 1.617628
10.683333 1.624385
10.700000 1.631160
10.716667 1.637952
10.733333 1.644762
10.750000 1.651590
10.766667 1.658435
10.783333 1.665298
10.800000 1.672179
10.816667 1.679077
10.833333 1.685994
10.850000 1.692928
10.866667 1.699879
10.883333 1.706849
10.900000 1.713836
10.916667 1.720841
10.933333 1.727864
10.950000 1.734905
10.966667 1.741964
10.983333 1.749041
11.000000 1.756135
11.016667 1.763248
11.033333 1.770378
11.050000 1.777527
11.066667 1.784693
11.083333 1.791878
11.100000 1.799080
11.116667 1.806301
11.133333 1.813540
11.150000 1.820796
11.166667 1.828071
11.183333 1.835364
11.200000 1.842675
11.216667 1.850004
11.233333 1.857352
11.250000 1.864718
11.266667 1.872101
11.283333 1.879504
11.300000 1.886924
11.316667 1.894362
11.333333 1.901819
11.350000 1.909295
11.366667 1.916788
11.383333 1.924300
11.400000 1.931830
11.416667 1.939379
11.433333 1.946946
11.450000 1.954531
11.466667 1.962135
11.483333 1.969757
11.500000 1.977398
11.516667 1.985057
11.533333 1.992735
11.550000 2.000431
11.566667 2.008146
11.583333 2.015879
11.600000 2.023631
11.616667 2.031401
11.633333 2.039190
11.650000 2.046998
11.666667 2.054825
11.683333 2.062670
11.700000 2.070533
11.716667 2.078416
11.733333 2.086317
11.750000 2.094236
11.766667 2.102175
11.783333 2.110132
11.800000 2.118109
11.816667 2.126103
11.833333 2.134117
11.850000 2.142150
11.866667 2.150201
11.883333 2.158271
11.900000 2.166361
11.916667 2.174469
11.933333 2.182596
11.950000 2.190742
11.966667 2.198907
11.983333 2.207091
12.000000 2.215294
12.016667 2.223515
12.033333 2.231756
12.050000 2.240016
12.066667 2.248295
12.083333 2.256594
12.100000 2.264911
12.116667 2.273247
12.133333 2.281603
12.150000 2.289977
12.166667 2.298371
12.183333 2.306784
12.200000 2.315216
12.216667 2.323668
12.233333 2.332139
12.250000 2.340629
12.266667 2.349138
12.283333 2.357666
12.300000 2.366214
12.316667 2.374781
12.333333 2.383368
12.350000 2.391974
12.366667 2.400599
12.383333 2.409243
12.400000 2.417908
12.416667 2.426591
12.433333 2.435294
12.450000 2.444016
12.466667 2.452758
12.483333 2.461520
12.500000 2.470301
12.516667 2.479101
12.533333 2.487921
12.550000 2.496761
12.566667 2.505620
12.583333 2.514499
12.600000 2.523397
12.616667 2.532315
12.633333 2.541253
12.650000 2.550210
12.666667 2.559187
12.683333 2.568184
12.700000 2.577200
12.716667 2.586237
12.733333 2.595293
12.750000 2.604368
12.766667 2.613464
12.783333 2.622579
12.800000 2.631715
12.816667 2.640870
12.833333 2.650045
12.850000 2.659240
12.866667 2.668454
12.883333 2.677689
12.900000 2.686943
12.916667 2.696218
12.933333 2.705513
12.950000 2.714827
12.966667 2.724161
12.983333 2.733516
13.000000 2.742891
13.016667 2.752285
13.033333 2.761700
13.050000 2.771135
13.066667 2.780589
13.083333 2.790064
13.100000 2.799560
13.116667 2.809075
13.133333 2.818610
13.150000 2.828166
13.166667 2.837742
13.183333 2.847338
13.200000 2.856954
13.216667 2.866591
13.233333 2.876248
13.250000 2.885925
13.266667 2.895622
13.283333 2.905340
13.300000 2.915078
13.316667 2.924837
13.333333 2.934616
13.350000 2.944415
13.366667 2.954235
13.383333 2.964075
13.400000 2.973935
13.416667 2.983816
13.433333 2.993718
13.450000 3.003640
13.466667 3.013582
13.483333 3.023545
13.500000 3.033529
13.516667 3.043533
13.533333 3.053558
13.550000 3.063603
13.566667 3.073669
13.583333 3.083756
13.600000 3.093863
13.616667 3.103991
13.633333 3.114139
13.650000 3.124309
13.666667 3.134499
13.683333 3.144709
13.700000 3.154941
13.716667 3.165193
13.733333 3.175466
13.750000 3.185760
13.766667 3.196075
13.783333 3.206410
13.800000 3.216766
13.816667 3.227144
13.833333 3.237542
13.850000 3.247961
13.866667 3.258401
13.883333 3.268861
13.900000 3.279343
13.916667 3.289846
13.933333 3.300370
13.950000 3.310915
13.966667 3.321480
13.983333 3.332067
14.000000 3.342675
14.016667 3.353304
14.033333 3.363954
14.050000 3.374625
14.066667 3.385317
14.083333 3.396031
14.100000 3.406765
14.116667 3.417521
14.133333 3.428298
14.150000 3.439096
14.166667 3.449915
14.183333 3.460756
14.200000 3.471617
14.216667 3.482500
14.233333 3.493405
14.250000 3.504330
14.266667 3.515277
14.283333 3.526246
14.300000 3.537235
14.316667 3.548246
14.333333 3.559279
14.350000 3.570333
14.366667 3.581408
14.383333 3.592504
14.400000 3.603623
14.416667 3.614762
14.433333 3.625923
14.450000 3.637106
14.466667 3.648310
14.483333 3.659536
14.500000 3.670783
14.516667 3.682051
14.533333 3.693342
14.550000 3.704654
14.566667 3.715987
14.583333 3.727342
14.600000 3.738719
14.616667 3.750118
14.633333 3.761538
14.650000 3.772980
14.666667 3.784443
14.683333 3.795929
14.700000 3.807436
14.716667 3.818964
14.733333 3.830515
14.750000 3.842087
14.766667 3.853682
14.783333 3.865298
14.800000 3.876936
14.816667 3.888595
14.833333 3.900277
14.850000 3.911981
14.866667 3.923706
14.883333 3.935453
14.900000 3.947223
14.916667 3.959014
14.933333 3.970827
14.950000 3.982663
14.966667 3.994520
14.983333 4.006399
15.000000 4.018300
15.016667 4.030224
15.033333 4.042169
15.050000 4.054137
15.066667 4.066127
15.083333 4.078138
15.100000 4.090172
15.116667 4.102228
15.133333 4.114307
15.150000 4.126407
15.166667 4.138530
15.183333 4.150675
15.200000 4.162842
15.216667 4.175031
15.233333 4.187243
15.250000 4.199477
15.266667 4.211733
15.283333 4.224012
15.300000 4.236313
15.316667 4.248636
15.333333 4.260981
15.350000 4.273349
15.366667 4.285740
15.383333 4.298153
15.400000 4.310588
15.416667 4.323046
15.433333 4.335526
15.450000 4.348029
15.466667 4.360554
15.483333 4.373101
15.500000 4.385672
15.516667 4.398264
15.533333 4.410880
15.550000 4.423518
15.566667 4.436178
15.583333 4.448861
15.600000 4.461567
15.616667 4.474295
15.633333 4.487046
15.650000 4.499820
15.666667 4.512616
15.683333 4.525436
15.700000 4.538277
15.716667 4.551142
15.733333 4.564029
15.750000 4.576939
15.766667 4.589872
15.783333 4.602828
15.800000 4.615806
15.816667 4.628808
15.833333 4.641832
15.850000 4.654879
15.866667 4.667949
15.883333 4.681042
15.900000 4.694158
15.916667 4.707296
15.933333 4.720458
15.950000 4.733643
15.966667 4.746850
15.983333 4.760081
16.000000 4.773335
16.016667 4.786611
16.033333 4.799911
16.050000 4.813234
16.066667 4.826579
16.083333 4.839948
16.100000 4.853340
16.116667 4.866756
16.133333 4.880194
16.150000 4.893655
16.166667 4.907140
16.183333 4.920648
16.200000 4.934179
16.216667 4.947733
16.233333 4.961310
16.250000 4.974911
16.266667 4.988535
16.283333 5.002182
16.300000 5.015853
16.316667 5.029547
16.333333 5.043264
16.350000 5.057005
16.366667 5.070769
16.383333 5.084556
16.400000 5.098367
16.416667 5.112201
16.433333 5.126058
16.450000 5.139939
16.466667 5.153844
16.483333 5.167772
16.500000 5.181723
16.516667 5.195698
16.533333 5.209696
16.550000 5.223718
16.566667 5.237764
16.583333 5.251833
16.600000 5.265926
16.616667 5.280042
16.633333 5.294182
16.650000 5.308345
16.666667 5.322533
16.683333 5.336743
16.700000 5.350978
16.716667 5.365236
16.733333 5.379518
16.750000 5.393824
16.766667 5.408153
16.783333 5.422506
16.800000 5.436883
16.816667 5.451284
16.833333 5.465708
16.850000 5.480157
16.866667 5.494629
16.883333 5.509125
16.900000 5.523645
16.916667 5.538189
16.933333 5.552756
16.950000 5.567348
16.966667 5.581963
16.983333 5.596603
17.000000 5.611266
17.016667 5.625954
17.033333 5.640665
17.050000 5.655401
17.066667 5.670160
17.083333 5.684944
17.100000 5.699751
17.116667 5.714583
17.133333 5.729438
17.150000 5.744318
17.166667 5.759222
17.183333 5.774150
17.200000 5.789102
17.216667 5.804079
17.233333 5.819079
17.250000 5.834104
17.266667 5.849153
17.283333 5.864226
17.300000 5.879324
17.316667 5.894445
17.333333 5.909591
17.350000 5.924761
17.366667 5.939956
17.383333 5.955175
17.400000 5.970418
17.416667 5.985686
17.433333 6.000978
17.450000 6.016294
17.466667 6.031635
17.483333 6.047000
17.500000 6.062389
17.516667 6.077803
17.533333 6.093242
17.550000 6.108705
17.566667 6.124192
17.583333 6.139704
17.600000 6.155241
17.616667 6.170802
17.633333 6.186387
17.650000 6.201997
17.666667 6.217632
17.683333 6.233291
17.700000 6.248975
17.716667 6.264684
17.733333 6.280417
17.750000 6.296175
17.766667 6.311958
17.783333 6.327765
17.800000 6.343597
17.816667 6.359453
17.833333 6.375335
17.850000 6.391241
17.866667 6.407172
17.883333 6.423128
17.900000 6.439108
17.916667 6.455114
17.933333 6.471144
17.950000 6.487199
17.966667 6.503279
17.983333 6.519383
18.000000 6.535513
18.016667 6.551668
18.033333 6.567847
18.050000 6.584051
18.066667 6.600281
18.083333 6.616535
18.100000 6.632815
18.116667 6.649119
18.133333 6.665448
18.150000 6.681803
18.166667 6.698182
18.183333 6.714586
18.200000 6.731016
18.216667 6.747471
18.233333 6.763950
18.250000 6.780455
18.266667 6.796985
18.283333 6.813541
18.300000 6.830121
18.316667 6.846726
18.333333 6.863357
18.350000 6.880013
18.366667 6.896694
18.383333 6.913401
18.400000 6.930132
18.416667 6.946889
18.433333 6.963672
18.450000 6.980479
18.466667 6.997312
18.483333 7.014170
18.500000 7.031054
18.516667 7.047963
18.533333 7.064897
18.550000 7.081857
18.566667 7.098842
18.583333 7.115853
18.600000 7.132889
18.616667 7.149950
18.633333 7.167037
18.650000 7.184149
18.666667 7.201287
18.683333 7.218451
18.700000 7.235640
18.716667 7.252854
18.733333 7.270094
18.750000 7.287360
18.766667 7.304651
18.783333 7.321968
18.800000 7.339311
18.816667 7.356679
18.833333 7.374073
18.850000 7.391492
18.866667 7.408937
18.883333 7.426408
18.900000 7.443905
18.916667 7.461427
18.933333 7.478975
18.950000 7.496549
18.966667 7.514149
18.983333 7.531774
19.000000 7.549425
19.016667 7.567102
19.033333 7.584805
19.050000 7.602534
19.066667 7.620288
19.083333 7.638069
19.100000 7.655875
19.116667 7.673707
19.133333 7.691566
19.150000 7.709450
19.166667 7.727360
19.183333 7.745296
19.200000 7.763258
19.216667 7.781246
19.233333 7.799260
19.250000 7.817300
19.266667 7.835366
19.283333 7.853459
19.300000 7.871577
19.316667 7.889721
19.333333 7.907892
19.350000 7.926088
19.366667 7.944311
19.383333 7.962560
19.400000 7.980835
19.416667 7.999136
19.433333 8.017464
19.450000 8.035818
19.466667 8.054197
19.483333 8.072604
19.500000 8.091036
19.516667 8.109495
19.533333 8.127980
19.550000 8.146491
19.566667 8.165028
19.583333 8.183592
19.600000 8.202183
19.616667 8.220799
19.633333 8.239442
19.650000 8.258112
19.666667 8.276807
19.683333 8.295530
19.700000 8.314278
19.716667 8.333054
19.733333 8.351855
19.750000 8.370683
19.766667 8.389538
19.783333 8.408419
19.800000 8.427326
19.816667 8.446261
19.833333 8.465221
19.850000 8.484208
19.866667 8.503222
19.883333 8.522263
19.900000 8.541330
19.916667 8.560424
19.933333 8.579544
19.950000 8.598691
19.966667 8.617865
19.983333 8.637065
20.000000 8.656292
20.016667 8.675546
20.033333 8.694826
20.050000 8.714134
20.066667 8.733468
20.083333 8.752829
20.100000 8.772216
20.116667 8.791631
20.133333 8.811072
20.150000 8.830540
20.166667 8.850035
20.183333 8.869557
20.200000 8.889105
20.216667 8.908681
20.233333 8.928283
20.250000 8.947913
20.266667 8.967569
20.283333 8.987253
20.300000 9.006963
20.316667 9.026700
20.333333 9.046465
20.350000 9.066256
20.366667 9.086074
20.383333 9.105920
20.400000 9.125792
20.416667 9.145691
20.433333 9.165618
20.450000 9.185572
20.466667 9.205553
20.483333 9.225561
20.500000 9.245596
20.516667 9.265658
20.533333 9.285747
20.550000 9.305864
20.566667 9.326008
20.583333 9.346179
20.600000 9.366377
20.616667 9.386603
20.633333 9.406856
20.650000 9.427136
20.666667 9.447443
20.683333 9.467778
20.700000 9.488140
20.716667 9.508529
20.733333 9.528946
20.750000 9.549390
20.766667 9.569862
20.783333 9.590360
20.800000 9.610887
20.816667 9.631440
20.833333 9.652022
20.850000 9.672630
20.866667 9.693266
20.883333 9.713930
20.900000 9.734621
20.916667 9.755340
20.933333 9.776086
20.950000 9.796859
20.966667 9.817661
20.983333 9.838489
21.000000 9.859346
21.016667 9.880230
21.033333 9.901141
21.050000 9.922081
21.066667 9.943047
21.083333 9.964042
21.100000 9.985064
21.116667 10.006114
21.133333 10.027192
21.150000 10.048297
21.166667 10.069430
21.183333 10.090591
21.200000 10.111779
21.216667 10.132996
21.233333 10.154240
21.250000 10.175512
21.266667 10.196812
21.283333 10.218139
21.300000 10.239495
21.316667 10.260878
21.333333 10.282289
21.350000 10.303728
21.366667 10.325195
21.383333 10.346690
21.400000 10.368213
21.416667 10.389764
21.433333 10.411343
21.450000 10.432949
21.466667 10.454584
21.483333 10.476247
21.500000 10.497938
21.516667 10.519657
21.533333 10.541404
21.550000 10.563178
21.566667 10.584982
21.583333 10.606813
21.600000 10.628672
21.616667 10.650559
21.633333 10.672475
21.650000 10.694418
21.666667 10.716390
21.683333 10.738390
21.700000 10.760418
21.716667 10.782475
21.733333 10.804560
21.750000 10.826672
21.766667 10.848814
21.783333 10.870983
21.800000 10.893181
21.816667 10.915407
21.833333 10.937661
21.850000 10.959944
21.866667 10.982255
21.883333 11.004594
21.900000 11.026962
21.916667 11.049358
21.933333 11.071782
21.950000 11.094235
21.966667 11.116717
21.983333 11.139226
22.000000 11.161765
22.016667 11.184331
22.033333 11.206926
22.050000 11.229550
22.066667 11.252202
22.083333 11.274883
22.100000 11.297592
22.116667 11.320330
22.133333 11.343097
22.150000 11.365892
22.166667 11.388715
22.183333 11.411567
22.200000 11.434448
22.216667 11.457358
22.233333 11.480296
22.250000 11.503263
22.266667 11.526258
22.283333 11.549282
22.300000 11.572335
22.316667 11.595417
22.333333 11.618527
22.350000 11.641667
22.366667 11.664835
22.383333 11.688031
22.400000 11.711257
22.416667 11.734511
22.433333 11.757794
22.450000 11.781106
22.466667 11.804447
22.483333 11.827817
22.500000 11.851215
22.516667 11.874643
22.533333 11.898099
22.550000 11.921585
22.566667 11.945099
22.583333 11.968642
22.600000 11.992215
22.616667 12.015816
22.633333 12.039446
22.650000 12.063105
22.666667 12.086794
22.683333 12.110511
22.700000 12.134257
22.716667 12.158033
22.733333 12.181837
22.750000 12.205671
22.766667 12.229534
22.783333 12.253426
22.800000 12.277347
22.816667 12.301297
22.833333 12.325276
22.850000 12.349285
22.866667 12.373322
22.883333 12.397389
22.900000 12.421485
22.916667 12.445611
22.933333 12.469766
22.950000 12.493949
22.966667 12.518163
22.983333 12.542405
23.000000 12.566677
23.016667 12.590978
23.033333 12.615309
23.050000 12.639669
23.066667 12.664058
23.083333 12.688477
23.100000 12.712925
23.116667 12.737402
23.133333 12.761909
23.150000 12.786445
23.166667 12.811011
23.183333 12.835606
23.200000 12.860231
23.216667 12.884885
23.233333 12.909569
23.250000 12.934282
23.266667 12.959025
23.283333 12.983797
23.300000 13.008599
23.316667 13.033430
23.333333 13.058292
23.350000 13.083182
23.366667 13.108103
23.383333 13.133053
23.400000 13.158032
23.416667 13.183041
23.433333 13.208080
23.450000 13.233149
23.466667 13.258247
23.483333 13.283375
23.500000 13.308533
23.516667 13.333721
23.533333 13.358938
23.550000 13.384185
23.566667 13.409462
23.583333 13.434769
23.600000 13.460105
23.616667 13.485472
23.633333 13.510868
23.650000 13.536294
23.666667 13.561750
23.683333 13.587236
23.700000 13.612752
23.716667 13.638297
23.733333 13.663873
23.750000 13.689478
23.766667 13.715114
23.783333 13.740779
23.800000 13.766475
23.816667 13.792200
23.833333 13.817956
23.850000 13.843741
23.866667 13.869557
23.883333 13.895403
23.900000 13.921278
23.916667 13.947184
23.933333 13.973120
23.950000 13.999086
23.966667 14.025082
23.983333 14.051108
24.000000 14.077165
24.016667 14.103251
24.033333 14.129368
24.050000 14.155515
24.066667 14.181692
24.083333 14.207900
24.100000 14.234137
24.116667 14.260405
24.133333 14.286703
24.150000 14.313032
24.166667 14.339390
24.183333 14.365779
24.200000 14.392198
24.216667 14.418647
24.233333 14.445127
24.250000 14.471636
24.266667 14.498176
24.283333 14.524747
24.300000 14.551347
24.316667 14.577978
24.333333 14.604638
24.350000 14.631329
24.366667 14.658050
24.383333 14.684801
24.400000 14.711582
24.416667 14.738393
24.433333 14.765234
24.450000 14.792105
24.466667 14.819005
24.483333 14.845935
24.500000 14.872894
24.516667 14.899882
24.533333 14.926900
24.550000 14.953946
24.566667 14.981021
24.583333 15.008125
24.600000 15.035256
24.616667 15.062416
24.633333 15.089603
24.650000 15.116817
24.666667 15.144058
24.683333 15.171326
24.700000 15.198619
24.716667 15.225938
24.733333 15.253281
24.750000 15.280649
24.766667 15.308041
24.783333 15.335455
24.800000 15.362892
24.816667 15.390350
24.833333 15.417830
24.850000 15.445329
24.866667 15.472848
24.883333 15.500385
24.900000 15.527940
24.916667 15.555511
24.933333 15.583098
24.950000 15.610700
24.966667 15.638315
24.983333 15.665944
25.000000 15.693584
25.016667 15.721236
25.033333 15.748898
25.050000 15.776568
25.066667 15.804248
25.083333 15.831934
25.100000 15.859627
25.116667 15.887326
25.133333 15.915030
25.150000 15.942738
25.166667 15.970450
25.183333 15.998164
25.200000 16.025880
25.216667 16.053598
25.233333 16.081317
25.250000 16.109036
25.266667 16.136755
25.283333 16.164474
25.300000 16.192191
25.316667 16.219907
25.333333 16.247622
25.350000 16.275335
25.366667 16.303045
25.383333 16.330754
25.400000 16.358460
25.416667 16.386164
25.433333 16.413866
25.450000 16.441566
25.466667 16.469263
25.483333 16.496959
25.500000 16.524653
25.516667 16.552346
25.533333 16.580036
25.550000 16.607725
25.566667 16.635413
25.583333 16.663099
25.600000 16.690784
25.616667 16.718468
25.633333 16.746150
25.650000 16.773831
25.666667 16.801512
25.683333 16.829191
25.700000 16.856869
25.716667 16.884546
25.733333 16.912222
25.750000 16.939898
25.766667 16.967572
25.783333 16.995246
25.800000 17.022920
25.816667 17.050592
25.833333 17.078264
25.850000 17.105935
25.866667 17.133606
25.883333 17.161276
25.900000 17.188946
25.916667 17.216615
25.933333 17.244283
25.950000 17.271952
25.966667 17.299619
25.983333 17.327287
26.000000 17.354954
26.016667 17.382621
26.033333 17.410287
26.050000 17.437953
26.066667 17.465619
26.083333 17.493285
26.100000 17.520950
26.116667 17.548615
26.133333 17.576280
26.150000 17.603945
26.166667 17.631609
26.183333 17.659274
26.200000 17.686938
26.216667 17.714602
26.233333 17.742266
26.250000 17.769930
26.266667 17.797594
26.283333 17.825258
26.300000 17.852922
26.316667 17.880585
26.333333 17.908249
26.350000 17.935913
26.366667 17.963577
26.383333 17.991240
26.400000 18.018904
26.416667 18.046568
26.433333 18.074232
26.450000 18.101896
26.466667 18.129560
26.483333 18.157224
26.500000 18.184888
26.516667 18.212552
26.533333 18.240217
26.550000 18.267881
26.566667 18.295546
26.583333 18.323211
26.600000 18.350876
26.616667 18.378541
26.633333 18.406207
26.650000 18.433872
26.666667 18.461538
26.683333 18.489204
26.700000 18.516870
26.716667 18.544536
26.733333 18.572202
26.750000 18.599868
26.766667 18.627535
26.783333 18.655202
26.800000 18.682868
26.816667 18.710535
26.833333 18.738202
26.850000 18.765869
26.866667 18.793536
26.883333 18.821204
26.900000 18.848871
26.916667 18.876538
26.933333 18.904206
26.950000 18.931873
26.966667 18.959540
26.983333 18.987208
27.000000 19.014875
27.016667 19.042542
27.033333 19.070210
27.050000 19.097877
27.066667 19.125545
27.083333 19.153212
27.100000 19.180879
27.116667 19.208546
27.133333 19.236214
27.150000 19.263881
27.166667 19.291548
27.183333 19.319215
27.200000 19.346882
27.216667 19.374549
27.233333 19.402216
27.250000 19.429883
27.266667 19.457550
27.283333 19.485217
27.300000 19.512884
27.316667 19.540551
27.333333 19.568218
27.350000 19.595884
27.366667 19.623551
27.383333 19.651218
27.400000 19.678885
27.416667 19.706552
27.433333 19.734218
27.450000 19.761885
27.466667 19.789552
27.483333 19.817219
27.500000 19.844885
27.516667 19.872552
27.533333 19.900219
27.550000 19.927886
27.566667 19.955552
27.583333 19.983219
27.600000 20.010886
27.616667 20.038553
27.633333 20.066220
27.650000 20.093887
27.666667 20.121553
27.683333 20.149220
27.700000 20.176887
27.716667 20.204554
27.733333 20.232221
27.750000 20.259887
27.766667 20.287554
27.783333 20.315221
27.800000 20.342888
27.816667 20.370555
27.833333 20.398222
27.850000 20.425888
27.866667 20.453555
27.883333 20.481222
27.900000 20.508889
27.916667 20.536555
27.933333 20.564222
27.950000 20.591889
27.966667 20.619556
27.983333 20.647222
28.000000 20.674889
28.016667 20.702556
28.033333 20.730222
28.050000 20.757889
28.066667 20.785556
28.083333 20.813223
28.100000 20.840889
28.116667 20.868556
28.133333 20.896223
28.150000 20.923889
28.166667 20.951556
28.183333 20.979223
28.200000 21.006889
28.216667 21.034556
28.233333 21.062223
28.250000 21.089889
28.266667 21.117556
28.283333 21.145223
28.300000 21.172890
28.316667 21.200556
28.333333 21.228223
28.350000 21.255890
28.366667 21.283557
28.383333 21.311223
28.400000 21.338890
28.416667 21.366557
28.433333 21.394224
28.450000 21.421890
28.466667 21.449557
28.483333 21.477224
28.500000 21.504891
28.516667 21.532557
28.533333 21.560224
28.550000 21.587891
28.566667 21.615558
28.583333 21.643225
28.600000 21.670891
28.616667 21.698558
28.633333 21.726225
28.650000 21.753892
28.666667 21.781558
28.683333 21.809225
28.700000 21.836892
28.716667 21.864559
28.733333 21.892225
28.750000 21.919892
28.766667 21.947559
28.783333 21.975226
28.800000 22.002892
28.816667 22.030559
28.833333 22.058226
28.850000 22.085893
28.866667 22.113559
28.883333 22.141226
28.900000 22.168893
28.916667 22.196560
28.933333 22.224226
28.950000 22.251893
28.966667 22.279560
28.983333 22.307227
29.000000 22.334893
29.016667 22.362560
29.033333 22.390227
29.050000 22.417894
29.066667 22.445560
29.083333 22.473227
29.100000 22.500894
29.116667 22.528561
29.133333 22.556227
29.150000 22.583894
29.166667 22.611561
29.183333 22.639228
29.200000 22.666894
29.216667 22.694561
29.233333 22.722228
29.250000 22.749895
29.266667 22.777561
29.283333 22.805228
29.300000 22.832895
29.316667 22.860562
29.333333 22.888228
29.350000 22.915895
29.366667 22.943562
29.383333 22.971229
29.400000 22.998896
29.416667 23.026562
29.433333 23.054229
29.450000 23.081896
29.466667 23.109563
29.483333 23.137229
29.500000 23.164896
29.516667 23.192563
29.533333 23.220230
29.550000 23.247896
29.566667 23.275563
29.583333 23.303230
29.600000 23.330896
29.616667 23.358563
29.633333 23.386230
29.650000 23.413897
29.666667 23.441563
29.683333 23.469230
29.700000 23.496897
29.716667 23.524564
29.733333 23.552231
29.750000 23.579897
29.766667 23.607564
29.783333 23.635231
29.800000 23.662898
29.816667 23.690564
29.833333 23.718231
29.850000 23.745898
29.866667 23.773565
29.883333 23.801231
29.900000 23.828898
29.916667 23.856565
29.933333 23.884232
29.950000 23.911898
29.966667 23.939565
29.983333 23.967232
30.000000 23.994892
30.016667 24.022524
30.033333 24.050128
30.050000 24.077702
30.066667 24.105246
30.083333 24.132760
30.100000 24.160244
30.116667 24.187696
30.133333 24.215119
30.150000 24.242511
30.166667 24.269872
30.183333 24.297203
30.200000 24.324503
30.216667 24.351772
30.233333 24.379011
30.250000 24.406220
30.266667 24.433398
30.283333 24.460546
30.300000 24.487663
30.316667 24.514750
30.333333 24.541806
30.350000 24.568832
30.366667 24.595828
30.383333 24.622794
30.400000 24.649729
30.416667 24.676635
30.433333 24.703510
30.450000 24.730354
30.466667 24.757169
30.483333 24.783954
30.500000 24.810708
30.516667 24.837433
30.533333 24.864127
30.550000 24.890792
30.566667 24.917426
30.583333 24.944031
30.600000 24.970605
30.616667 24.997150
30.633333 25.023665
30.650000 25.050150
30.666667 25.076605
30.683333 25.103031
30.700000 25.129426
30.716667 25.155792
30.733333 25.182128
30.750000 25.208435
30.766667 25.234712
30.783333 25.260959
30.800000 25.287177
30.816667 25.313365
30.833333 25.339524
30.850000 25.365653
30.866667 25.391753
30.883333 25.417823
30.900000 25.443864
30.916667 25.469875
30.933333 25.495857
30.950000 25.521810
30.966667 25.547733
30.983333 25.573627
31.000000 25.599492
31.016667 25.625327
31.033333 25.651134
31.050000 25.676911
31.066667 25.702659
31.083333 25.728378
31.100000 25.754068
31.116667 25.779728
31.133333 25.805360
31.150000 25.830963
31.166667 25.856536
31.183333 25.882081
31.200000 25.907597
31.216667 25.933083
31.233333 25.958541
31.250000 25.983970
31.266667 26.009371
31.283333 26.034742
31.300000 26.060085
31.316667 26.085398
31.333333 26.110684
31.350000 26.135940
31.366667 26.161168
31.383333 26.186367
31.400000 26.211538
31.416667 26.236679
31.433333 26.261793
31.450000 26.286878
31.466667 26.311934
31.483333 26.336962
31.500000 26.361961
31.516667 26.386932
31.533333 26.411875
31.550000 26.436789
31.566667 26.461675
31.583333 26.486532
31.600000 26.511361
31.616667 26.536162
31.633333 26.560935
31.650000 26.585679
31.666667 26.610395
31.683333 26.635083
31.700000 26.659743
31.716667 26.684375
31.733333 26.708979
31.750000 26.733555
31.766667 26.758102
31.783333 26.782622
31.800000 26.807114
31.816667 26.831577
31.833333 26.856013
31.850000 26.880421
31.866667 26.904801
31.883333 26.929153
31.900000 26.953477
31.916667 26.977774
31.933333 27.002043
31.950000 27.026284
31.966667 27.050497
31.983333 27.074683
32.000000 27.098841
32.016667 27.122971
32.033333 27.147074
32.050000 27.171149
32.066667 27.195196
32.083333 27.219217
32.100000 27.243209
32.116667 27.267174
32.133333 27.291112
32.150000 27.315022
32.166667 27.338905
32.183333 27.362760
32.200000 27.386588
32.216667 27.410389
32.233333 27.434162
32.250000 27.457909
32.266667 27.481627
32.283333 27.505319
32.300000 27.528984
32.316667 27.552621
32.333333 27.576231
32.350000 27.599814
32.366667 27.623370
32.383333 27.646899
32.400000 27.670401
32.416667 27.693876
32.433333 27.717324
32.450000 27.740745
32.466667 27.764139
32.483333 27.787507
32.500000 27.810847
32.516667 27.834160
32.533333 27.857447
32.550000 27.880707
32.566667 27.903940
32.583333 27.927146
32.600000 27.950326
32.616667 27.973478
32.633333 27.996605
32.650000 28.019704
32.666667 28.042777
32.683333 28.065823
32.700000 28.088843
32.716667 28.111837
32.733333 28.134803
32.750000 28.157744
32.766667 28.180657
32.783333 28.203545
32.800000 28.226406
32.816667 28.249240
32.833333 28.272048
32.850000 28.294830
32.866667 28.317586
32.883333 28.340315
32.900000 28.363018
32.916667 28.385695
32.933333 28.408345
32.950000 28.430970
32.966667 28.453568
32.983333 28.476140
33.000000 28.498686
33.016667 28.521206
33.033333 28.543700
33.050000 28.566168
33.066667 28.588610
33.083333 28.611026
33.100000 28.633416
33.116667 28.655780
33.133333 28.678118
33.150000 28.700430
33.166667 28.722717
33.183333 28.744977
33.200000 28.767212
33.216667 28.789421
33.233333 28.811604
33.250000 28.833762
33.266667 28.855894
33.283333 28.878000
33.300000 28.900081
33.316667 28.922136
33.333333 28.944165
33.350000 28.966169
33.366667 28.988147
33.383333 29.010100
33.400000 29.032027
33.416667 29.053929
33.433333 29.075805
33.450000 29.097656
33.466667 29.119482
33.483333 29.141282
33.500000 29.163057
33.516667 29.184806
33.533333 29.206531
33.550000 29.228230
33.566667 29.249903
33.583333 29.271552
33.600000 29.293175
33.616667 29.314773
33.633333 29.336346
33.650000 29.357894
33.666667 29.379417
33.683333 29.400915
33.700000 29.422388
33.716667 29.443836
33.733333 29.465258
33.750000 29.486656
33.766667 29.508029
33.783333 29.529377
33.800000 29.550700
33.816667 29.571999
33.833333 29.593272
33.850000 29.614521
33.866667 29.635744
33.883333 29.656943
33.900000 29.678118
33.916667 29.699267
33.933333 29.720392
33.950000 29.741493
33.966667 29.762568
33.983333 29.783619
34.000000 29.804646
34.016667 29.825648
34.033333 29.846625
34.050000 29.867578
34.066667 29.888506
34.083333 29.909410
34.100000 29.930290
34.116667 29.951145
34.133333 29.971975
34.150000 29.992782
34.166667 30.013564
34.183333 30.034321
34.200000 30.055055
34.216667 30.075764
34.233333 30.096449
34.250000 30.117109
34.266667 30.137746
34.283333 30.158358
34.300000 30.178946
34.316667 30.199511
34.333333 30.220050
34.350000 30.240566
34.366667 30.261058
34.383333 30.281526
34.400000 30.301970
34.416667 30.322390
34.433333 30.342786
34.450000 30.363158
34.466667 30.383506
34.483333 30.403830
34.500000 30.424131
34.516667 30.444408
34.533333 30.464660
34.550000 30.484890
34.566667 30.505095
34.583333 30.525276
34.600000 30.545434
34.616667 30.565569
34.633333 30.585679
34.650000 30.605766
34.666667 30.625830
34.683333 30.645869
34.700000 30.665886
34.716667 30.685878
34.733333 30.705848
34.750000 30.725793
34.766667 30.745716
34.783333 30.765615
34.800000 30.785490
34.816667 30.805342
34.833333 30.825171
34.850000 30.844976
34.866667 30.864758
34.883333 30.884517
34.900000 30.904253
34.916667 30.923965
34.933333 30.943654
34.950000 30.963320
34.966667 30.982963
34.983333 31.002583
35.000000 31.022179
35.016667 31.041753
35.033333 31.061303
35.050000 31.080830
35.066667 31.100335
35.083333 31.119816
35.100000 31.139274
35.116667 31.158710
35.133333 31.178122
35.150000 31.197512
35.166667 31.216879
35.183333 31.236222
35.200000 31.255543
35.216667 31.274842
35.233333 31.294117
35.250000 31.313370
35.266667 31.332600
35.283333 31.351807
35.300000 31.370992
35.316667 31.390154
35.333333 31.409293
35.350000 31.428410
35.366667 31.447504
35.383333 31.466575
35.400000 31.485624
35.416667 31.504651
35.433333 31.523655
35.450000 31.542636
35.466667 31.561596
35.483333 31.580532
35.500000 31.599446
35.516667 31.618338
35.533333 31.637208
35.550000 31.656055
35.566667 31.674880
35.583333 31.693683
35.600000 31.712463
35.616667 31.731221
35.633333 31.749957
35.650000 31.768671
35.666667 31.787363
35.683333 31.806032
35.700000 31.824680
35.716667 31.843305
35.733333 31.861908
35.750000 31.880489
35.766667 31.899048
35.783333 31.917586
35.800000 31.936101
35.816667 31.954594
35.833333 31.973065
35.850000 31.991515
35.866667 32.009942
35.883333 32.028348
35.900000 32.046732
35.916667 32.065094
35.933333 32.083434
35.950000 32.101752
35.966667 32.120049
35.983333 32.138324
36.000000 32.156578
36.016667 32.174809
36.033333 32.193019
36.050000 32.211208
36.066667 32.229375
36.083333 32.247520
36.100000 32.265643
36.116667 32.283746
36.133333 32.301826
36.150000 32.319885
36.166667 32.337923
36.183333 32.355939
36.200000 32.373934
36.216667 32.391908
36.233333 32.409860
36.250000 32.427790
36.266667 32.445700
36.283333 32.463588
36.300000 32.481455
36.316667 32.499300
36.333333 32.517125
36.350000 32.534928
36.366667 32.552710
36.383333 32.570471
36.400000 32.588210
36.416667 32.605929
36.433333 32.623626
36.450000 32.641303
36.466667 32.658958
36.483333 32.676593
36.500000 32.694206
36.516667 32.711798
36.533333 32.729370
36.550000 32.746920
36.566667 32.764450
36.583333 32.781958
36.600000 32.799446
36.616667 32.816913
36.633333 32.834359
36.650000 32.851784
36.666667 32.869189
36.683333 32.886573
36.700000 32.903936
36.716667 32.921278
36.733333 32.938600
36.750000 32.955901
36.766667 32.973181
36.783333 32.990441
36.800000 33.007680
36.816667 33.024899
36.833333 33.042097
36.850000 33.059275
36.866667 33.076432
36.883333 33.093568
36.900000 33.110684
36.916667 33.127780
36.933333 33.144855
36.950000 33.161910
36.966667 33.178945
36.983333 33.195959
37.000000 33.212953
37.016667 33.229926
37.033333 33.246879
37.050000 33.263812
37.066667 33.280725
37.083333 33.297618
37.100000 33.314490
37.116667 33.331342
37.133333 33.348174
37.150000 33.364986
37.166667 33.381778
37.183333 33.398550
37.200000 33.415301
37.216667 33.432033
37.233333 33.448745
37.250000 33.465436
37.266667 33.482108
37.283333 33.498760
37.300000 33.515392
37.316667 33.532004
37.333333 33.548596
37.350000 33.565168
37.366667 33.581720
37.383333 33.598253
37.400000 33.614765
37.416667 33.631258
37.433333 33.647732
37.450000 33.664185
37.466667 33.680619
37.483333 33.697033
37.500000 33.713427
37.516667 33.729802
37.533333 33.746157
37.550000 33.762493
37.566667 33.778809
37.583333 33.795105
37.600000 33.811382
37.616667 33.827640
37.633333 33.843878
37.650000 33.860096
37.666667 33.876295
37.683333 33.892475
37.700000 33.908635
37.716667 33.924776
37.733333 33.940898
37.750000 33.957000
37.766667 33.973083
37.783333 33.989146
37.800000 34.005190
37.816667 34.021216
37.833333 34.037221
37.850000 34.053208
37.866667 34.069175
37.883333 34.085124
37.900000 34.101053
37.916667 34.116963
37.933333 34.132854
37.950000 34.148726
37.966667 34.164578
37.983333 34.180412
38.000000 34.196227
38.016667 34.212023
38.033333 34.227800
38.050000 34.243557
38.066667 34.259296
38.083333 34.275016
38.100000 34.290718
38.116667 34.306400
38.133333 34.322063
38.150000 34.337708
38.166667 34.353334
38.183333 34.368941
38.200000 34.384529
38.216667 34.400099
38.233333 34.415650
38.250000 34.431182
38.266667 34.446695
38.283333 34.462190
38.300000 34.477666
38.316667 34.493124
38.333333 34.508563
38.350000 34.523984
38.366667 34.539386
38.383333 34.554769
38.400000 34.570134
38.416667 34.585480
38.433333 34.600808
38.450000 34.616118
38.466667 34.631409
38.483333 34.646682
38.500000 34.661936
38.516667 34.677172
38.533333 34.692390
38.550000 34.707589
38.566667 34.722770
38.583333 34.737933
38.600000 34.753078
38.616667 34.768204
38.633333 34.783312
38.650000 34.798402
38.666667 34.813474
38.683333 34.828527
38.700000 34.843563
38.716667 34.858580
38.733333 34.873580
38.750000 34.888561
38.766667 34.903524
38.783333 34.918469
38.800000 34.933396
38.816667 34.948306
38.833333 34.963197
38.850000 34.978070
38.866667 34.992926
38.883333 35.007763
38.900000 35.022583
38.916667 35.037384
38.933333 35.052168
38.950000 35.066935
38.966667 35.081683
38.983333 35.096413
39.000000 35.111126
39.016667 35.125821
39.033333 35.140499
39.050000 35.155158
39.066667 35.169800
39.083333 35.184425
39.100000 35.199031
39.116667 35.213621
39.133333 35.228192
39.150000 35.242746
39.166667 35.257282
39.183333 35.271801
39.200000 35.286303
39.216667 35.300787
39.233333 35.315253
39.250000 35.329702
39.266667 35.344133
39.283333 35.358548
39.300000 35.372944
39.316667 35.387324
39.333333 35.401686
39.350000 35.416030
39.366667 35.430358
39.383333 35.444668
39.400000 35.458961
39.416667 35.473236
39.433333 35.487495
39.450000 35.501736
39.466667 35.515960
39.483333 35.530167
39.500000 35.544356
39.516667 35.558529
39.533333 35.572684
39.550000 35.586823
39.566667 35.600944
39.583333 35.615048
39.600000 35.629135
39.616667 35.643206
39.633333 35.657259
39.650000 35.671295
39.666667 35.685314
39.683333 35.699317
39.700000 35.713302
39.716667 35.727271
39.733333 35.741222
39.750000 35.755157
39.766667 35.769075
39.783333 35.782977
39.800000 35.796861
39.816667 35.810729
39.833333 35.824580
39.850000 35.838414
39.866667 35.852231
39.883333 35.866032
39.900000 35.879816
39.916667 35.893584
39.933333 35.907335
39.950000 35.921069
39.966667 35.934786
39.983333 35.948487
40.000000 35.962172
40.016667 35.975840
40.033333 35.989491
40.050000 36.003126
40.066667 36.016745
40.083333 36.030347
40.100000 36.043932
40.116667 36.057502
40.133333 36.071054
40.150000 36.084591
40.166667 36.098111
40.183333 36.111615
40.200000 36.125102
40.216667 36.138573
40.233333 36.152028
40.250000 36.165466
40.266667 36.178889
40.283333 36.192295
40.300000 36.205684
40.316667 36.219058
40.333333 36.232416
40.350000 36.245757
40.366667 36.259082
40.383333 36.272391
40.400000 36.285684
40.416667 36.298961
40.433333 36.312222
40.450000 36.325467
40.466667 36.338696
40.483333 36.351909
40.500000 36.365106
40.516667 36.378287
40.533333 36.391452
40.550000 36.404601
40.566667 36.417734
40.583333 36.430851
40.600000 36.443952
40.616667 36.457038
40.633333 36.470108
40.650000 36.483162
40.666667 36.496200
40.683333 36.509222
40.700000 36.522229
40.716667 36.535220
40.733333 36.548195
40.750000 36.561155
40.766667 36.574098
40.783333 36.587027
40.800000 36.599939
40.816667 36.612836
40.833333 36.625717
40.850000 36.638583
40.866667 36.651433
40.883333 36.664268
40.900000 36.677087
40.916667 36.689891
40.933333 36.702679
40.950000 36.715451
40.966667 36.728208
40.983333 36.740950
41.000000 36.753677
41.016667 36.766388
41.033333 36.779083
41.050000 36.791763
41.066667 36.804428
41.083333 36.817078
41.100000 36.829712
41.116667 36.842331
41.133333 36.854935
41.150000 36.867523
41.166667 36.880096
41.183333 36.892654
41.200000 36.905197
41.216667 36.917725
41.233333 36.930237
41.250000 36.942735
41.266667 36.955217
41.283333 36.967684
41.300000 36.980136
41.316667 36.992573
41.333333 37.004995
41.350000 37.017402
41.366667 37.029794
41.383333 37.042171
41.400000 37.054532
41.416667 37.066879
41.433333 37.079211
41.450000 37.091529
41.466667 37.103831
41.483333 37.116118
41.500000 37.128391
41.516667 37.140648
41.533333 37.152891
41.550000 37.165119
41.566667 37.177332
41.583333 37.189530
41.600000 37.201714
41.616667 37.213883
41.633333 37.226037
41.650000 37.238177
41.666667 37.250301
41.683333 37.262412
41.700000 37.274507
41.716667 37.286588
41.733333 37.298654
41.750000 37.310706
41.766667 37.322743
41.783333 37.334765
41.800000 37.346773
41.816667 37.358766
41.833333 37.370745
41.850000 37.382710
41.866667 37.394660
41.883333 37.406595
41.900000 37.418516
41.916667 37.430423
41.933333 37.442315
41.950000 37.454193
41.966667 37.466056
41.983333 37.477905
42.000000 37.489740
42.016667 37.501560
42.033333 37.513367
42.050000 37.525158
42.066667 37.536936
42.083333 37.548699
42.100000 37.560449
42.116667 37.572183
42.133333 37.583904
42.150000 37.595611
42.166667 37.607303
42.183333 37.618981
42.200000 37.630645
42.216667 37.642295
42.233333 37.653931
42.250000 37.665553
42.266667 37.677161
42.283333 37.688755
42.300000 37.700334
42.316667 37.711900
42.333333 37.723452
42.350000 37.734990
42.366667 37.746514
42.383333 37.758023
42.400000 37.769519
42.416667 37.781001
42.433333 37.792470
42.450000 37.803924
42.466667 37.815364
42.483333 37.826791
42.500000 37.838204
42.516667 37.849603
42.533333 37.860988
42.550000 37.872360
42.566667 37.883717
42.583333 37.895061
42.600000 37.906392
42.616667 37.917708
42.633333 37.929011
42.650000 37.940300
42.666667 37.951576
42.683333 37.962838
42.700000 37.974086
42.716667 37.985321
42.733333 37.996542
42.750000 38.007750
42.766667 38.018944
42.783333 38.030124
42.800000 38.041291
42.816667 38.052445
42.833333 38.063585
42.850000 38.074711
42.866667 38.085825
42.883333 38.096924
42.900000 38.108011
42.916667 38.119084
42.933333 38.130143
42.950000 38.141189
42.966667 38.152222
42.983333 38.163242
43.000000 38.174248
43.016667 38.185241
43.033333 38.196220
43.050000 38.207186
43.066667 38.218140
43.083333 38.229079
43.100000 38.240006
43.116667 38.250919
43.133333 38.261820
43.150000 38.272707
43.166667 38.283581
43.183333 38.294442
43.200000 38.305289
43.216667 38.316124
43.233333 38.326945
43.250000 38.337754
43.266667 38.348549
43.283333 38.359332
43.300000 38.370101
43.316667 38.380857
43.333333 38.391601
43.350000 38.402331
43.366667 38.413049
43.383333 38.423753
43.400000 38.434445
43.416667 38.445123
43.433333 38.455789
43.450000 38.466442
43.466667 38.477082
43.483333 38.487709
43.500000 38.498324
43.516667 38.508925
43.533333 38.519514
43.550000 38.530090
43.566667 38.540653
43.583333 38.551204
43.600000 38.561741
43.616667 38.572267
43.633333 38.582779
43.650000 38.593279
43.666667 38.603766
43.683333 38.614240
43.700000 38.624702
43.716667 38.635151
43.733333 38.645587
43.750000 38.656011
43.766667 38.666423
43.783333 38.676821
43.800000 38.687208
43.816667 38.697581
43.833333 38.707943
43.850000 38.718291
43.866667 38.728628
43.883333 38.738951
43.900000 38.749263
43.916667 38.759562
43.933333 38.769848
43.950000 38.780122
43.966667 38.790384
43.983333 38.800633
44.000000 38.810870
44.016667 38.821095
44.033333 38.831307
44.050000 38.841508
44.066667 38.851695
44.083333 38.861871
44.100000 38.872034
44.116667 38.882185
44.133333 38.892324
44.150000 38.902450
44.166667 38.912565
44.183333 38.922667
44.200000 38.932757
44.216667 38.942835
44.233333 38.952900
44.250000 38.962954
44.266667 38.972995
44.283333 38.983025
44.300000 38.993042
44.316667 39.003047
44.333333 39.013041
44.350000 39.023022
44.366667 39.032991
44.383333 39.042948
44.400000 39.052893
44.416667 39.062827
44.433333 39.072748
44.450000 39.082657
44.466667 39.092555
44.483333 39.102440
44.500000 39.112314
44.516667 39.122176
44.533333 39.132025
44.550000 39.141863
44.566667 39.151690
44.583333 39.161504
44.600000 39.171307
44.616667 39.181097
44.633333 39.190876
44.650000 39.200644
44.666667 39.210399
44.683333 39.220143
44.700000 39.229875
44.716667 39.239595
44.733333 39.249304
44.750000 39.259001
44.766667 39.268686
44.783333 39.278360
44.800000 39.288022
44.816667 39.297673
44.833333 39.307312
44.850000 39.316939
44.866667 39.326555
44.883333 39.336159
44.900000 39.345752
44.916667 39.355333
44.933333 39.364902
44.950000 39.374461
44.966667 39.384007
44.983333 39.393542
45.000000 39.403066
45.016667 39.412579
45.033333 39.422079
45.050000 39.431569
45.066667 39.441047
45.083333 39.450514
45.100000 39.459969
45.116667 39.469413
45.133333 39.478846
45.150000 39.488267
45.166667 39.497677
45.183333 39.507076
45.200000 39.516464
45.216667 39.525840
45.233333 39.535205
45.250000 39.544559
45.266667 39.553901
45.283333 39.563233
45.300000 39.572553
45.316667 39.581862
45.333333 39.591159
45.350000 39.600446
45.366667 39.609722
45.383333 39.618986
45.400000 39.628239
45.416667 39.637482
45.433333 39.646713
45.450000 39.655933
45.466667 39.665142
45.483333 39.674340
45.500000 39.683527
45.516667 39.692703
45.533333 39.701868
45.550000 39.711022
45.566667 39.720165
45.583333 39.729297
45.600000 39.738418
45.616667 39.747529
45.633333 39.756628
45.650000 39.765717
45.666667 39.774794
45.683333 39.783861
45.700000 39.792917
45.716667 39.801962
45.733333 39.810996
45.750000 39.820019
45.766667 39.829032
45.783333 39.838034
45.800000 39.847025
45.816667 39.856005
45.833333 39.864975
45.850000 39.873934
45.866667 39.882882
45.883333 39.891819
45.900000 39.900746
45.916667 39.909662
45.933333 39.918568
45.950000 39.927462
45.966667 39.936346
45.983333 39.945220
46.000000 39.954083
46.016667 39.962935
46.033333 39.971777
46.050000 39.980608
46.066667 39.989429
46.083333 39.998239
46.100000 40.007039
46.116667 40.015828
46.133333 40.024606
46.150000 40.033374
46.166667 40.042132
46.183333 40.050879
46.200000 40.059616
46.216667 40.068342
46.233333 40.077058
46.250000 40.085764
46.266667 40.094459
46.283333 40.103144
46.300000 40.111818
46.316667 40.120482
46.333333 40.129136
46.350000 40.137779
46.366667 40.146412
46.383333 40.155035
46.400000 40.163648
46.416667 40.172250
46.433333 40.180842
46.450000 40.189424
46.466667 40.197995
46.483333 40.206557
46.500000 40.215108
46.516667 40.223649
46.533333 40.232180
46.550000 40.240700
46.566667 40.249211
46.583333 40.257711
46.600000 40.266201
46.616667 40.274681
46.633333 40.283151
46.650000 40.291611
46.666667 40.300061
46.683333 40.308501
46.700000 40.316930
46.716667 40.325350
46.733333 40.333760
46.750000 40.342160
46.766667 40.350549
46.783333 40.358929
46.800000 40.367299
46.816667 40.375659
46.833333 40.384008
46.850000 40.392348
46.866667 40.400678
46.883333 40.408998
46.900000 40.417309
46.916667 40.425609
46.933333 40.433900
46.950000 40.442180
46.966667 40.450451
46.983333 40.458712
47.000000 40.466963
47.016667 40.475205
47.033333 40.483436
47.050000 40.491658
47.066667 40.499870
47.083333 40.508072
47.100000 40.516265
47.116667 40.524448
47.133333 40.532621
47.150000 40.540784
47.166667 40.548938
47.183333 40.557082
47.200000 40.565216
47.216667 40.573341
47.233333 40.581456
47.250000 40.589562
47.266667 40.597658
47.283333 40.605744
47.300000 40.613821
47.316667 40.621888
47.333333 40.629945
47.350000 40.637993
47.366667 40.646032
47.383333 40.654061
47.400000 40.662080
47.416667 40.670090
47.433333 40.678091
47.450000 40.686082
47.466667 40.694063
47.483333 40.702035
47.500000 40.709998
47.516667 40.717951
47.533333 40.725895
47.550000 40.733830
47.566667 40.741755
47.583333 40.749670
47.600000 40.757576
47.616667 40.765473
47.633333 40.773361
47.650000 40.781239
47.666667 40.789108
47.683333 40.796968
47.700000 40.804818
47.716667 40.812659
47.733333 40.820491
47.750000 40.828314
47.766667 40.836127
47.783333 40.843931
47.800000 40.851726
47.816667 40.859512
47.833333 40.867288
47.850000 40.875055
47.866667 40.882813
47.883333 40.890562
47.900000 40.898302
47.916667 40.906033
47.933333 40.913754
47.950000 40.921467
47.966667 40.929170
47.983333 40.936864
48.000000 40.944550
48.016667 40.952226
48.033333 40.959893
48.050000 40.967551
48.066667 40.975200
48.083333 40.982840
48.100000 40.990471
48.116667 40.998093
48.133333 41.005706
48.150000 41.013310
48.166667 41.020905
48.183333 41.028491
48.200000 41.036068
48.216667 41.043636
48.233333 41.051196
48.250000 41.058746
48.266667 41.066288
48.283333 41.073821
48.300000 41.081344
48.316667 41.088859
48.333333 41.096365
48.350000 41.103863
48.366667 41.111351
48.383333 41.118831
48.400000 41.126302
48.416667 41.133764
48.433333 41.141217
48.450000 41.148662
48.466667 41.156098
48.483333 41.163525
48.500000 41.170943
48.516667 41.178353
48.533333 41.185754
48.550000 41.193146
48.566667 41.200530
48.583333 41.207904
48.600000 41.215271
48.616667 41.222628
48.633333 41.229977
48.650000 41.237318
48.666667 41.244649
48.683333 41.251972
48.700000 41.259287
48.716667 41.266593
48.733333 41.273890
48.750000 41.281179
48.766667 41.288459
48.783333 41.295731
48.800000 41.302994
48.816667 41.310249
48.833333 41.317495
48.850000 41.324733
48.866667 41.331962
48.883333 41.339183
48.900000 41.346395
48.916667 41.353599
48.933333 41.360795
48.950000 41.367982
48.966667 41.375160
48.983333 41.382330
49.000000 41.389492
49.016667 41.396646
49.033333 41.403791
49.050000 41.410927
49.066667 41.418056
49.083333 41.425176
49.100000 41.432288
49.116667 41.439391
49.133333 41.446486
49.150000 41.453573
49.166667 41.460651
49.183333 41.467722
49.200000 41.474784
49.216667 41.481837
49.233333 41.488883
49.250000 41.495920
49.266667 41.502949
49.283333 41.509970
49.300000 41.516983
49.316667 41.523987
49.333333 41.530983
49.350000 41.537972
49.366667 41.544952
49.383333 41.551923
49.400000 41.558887
49.416667 41.565843
49.433333 41.572790
49.450000 41.579730
49.466667 41.586661
49.483333 41.593584
49.500000 41.600499
49.516667 41.607406
49.533333 41.614305
49.550000 41.621197
49.566667 41.628080
49.583333 41.634955
49.600000 41.641822
49.616667 41.648681
49.633333 41.655532
49.650000 41.662375
49.666667 41.669210
49.683333 41.676037
49.700000 41.682856
49.716667 41.689667
49.733333 41.696471
49.750000 41.703266
49.766667 41.710054
49.783333 41.716833
49.800000 41.723605
49.816667 41.730369
49.833333 41.737125
49.850000 41.743873
49.866667 41.750614
49.883333 41.757346
49.900000 41.764071
49.916667 41.770788
49.933333 41.777497
49.950000 41.784198
49.966667 41.790892
49.983333 41.797578
50.000000 41.804256
50.016667 41.810926
50.033333 41.817588
50.050000 41.824243
50.066667 41.830890
50.083333 41.837530
50.100000 41.844162
50.116667 41.850786
50.133333 41.857402
50.150000 41.864011
50.166667 41.870612
50.183333 41.877205
50.200000 41.883791
50.216667 41.890369
50.233333 41.896940
50.250000 41.903503
50.266667 41.910058
50.283333 41.916606
50.300000 41.923146
50.316667 41.929679
50.333333 41.936204
50.350000 41.942721
50.366667 41.949231
50.383333 41.955734
50.400000 41.962229
50.416667 41.968716
50.433333 41.975196
50.450000 41.981669
50.466667 41.988134
50.483333 41.994592
50.500000 42.001042
50.516667 42.007484
50.533333 42.013920
50.550000 42.020347
50.566667 42.026768
50.583333 42.033181
50.600000 42.039586
50.616667 42.045985
50.633333 42.052375
50.650000 42.058759
50.666667 42.065135
50.683333 42.071504
50.700000 42.077865
50.716667 42.084219
50.733333 42.090566
50.750000 42.096906
50.766667 42.103238
50.783333 42.109563
50.800000 42.115880
50.816667 42.122191
50.833333 42.128494
50.850000 42.134790
50.866667 42.141078
50.883333 42.147360
50.900000 42.153634
50.916667 42.159901
50.933333 42.166160
50.950000 42.172413
50.966667 42.178658
50.983333 42.184896
51.000000 42.191127
51.016667 42.197351
51.033333 42.203568
51.050000 42.209778
51.066667 42.215980
51.083333 42.222175
51.100000 42.228364
51.116667 42.234545
51.133333 42.240719
51.150000 42.246886
51.166667 42.253046
51.183333 42.259198
51.200000 42.265344
51.216667 42.271483
51.233333 42.277615
51.250000 42.283739
51.266667 42.289857
51.283333 42.295968
51.300000 42.302071
51.316667 42.308168
51.333333 42.314258
51.350000 42.320340
51.366667 42.326416
51.383333 42.332485
51.400000 42.338547
51.416667 42.344602
51.433333 42.350650
51.450000 42.356691
51.466667 42.362725
51.483333 42.368752
51.500000 42.374773
51.516667 42.380786
51.533333 42.386793
51.550000 42.392793
51.566667 42.398786
51.583333 42.404772
51.600000 42.410751
51.616667 42.416724
51.633333 42.422689
51.650000 42.428648
51.666667 42.434600
51.683333 42.440545
51.700000 42.446484
51.716667 42.452416
51.733333 42.458341
51.750000 42.464259
51.766667 42.470170
51.783333 42.476075
51.800000 42.481973
51.816667 42.487864
51.833333 42.493749
51.850000 42.499627
51.866667 42.505498
51.883333 42.511362
51.900000 42.517220
51.916667 42.523071
51.933333 42.528916
51.950000 42.534754
51.966667 42.540585
51.983333 42.546410
52.000000 42.552228
52.016667 42.558039
52.033333 42.563844
52.050000 42.569642
52.066667 42.575433
52.083333 42.581219
52.100000 42.586997
52.116667 42.592769
52.133333 42.598534
52.150000 42.604293
52.166667 42.610045
52.183333 42.615791
52.200000 42.621530
52.216667 42.627263
52.233333 42.632989
52.250000 42.638709
52.266667 42.644422
52.283333 42.650129
52.300000 42.655829
52.316667 42.661523
52.333333 42.667211
52.350000 42.672892
52.366667 42.678566
52.383333 42.684234
52.400000 42.689896
52.416667 42.695551
52.433333 42.701200
52.450000 42.706843
52.466667 42.712479
52.483333 42.718109
52.500000 42.723732
52.516667 42.729349
52.533333 42.734960
52.550000 42.740564
52.566667 42.746162
52.583333 42.751754
52.600000 42.757339
52.616667 42.762918
52.633333 42.768491
52.650000 42.774058
52.666667 42.779618
52.683333 42.785172
52.700000 42.790720
52.716667 42.796261
52.733333 42.801796
52.750000 42.807325
52.766667 42.812848
52.783333 42.818364
52.800000 42.823875
52.816667 42.829379
52.833333 42.834877
52.850000 42.840369
52.866667 42.845854
52.883333 42.851333
52.900000 42.856807
52.916667 42.862274
52.933333 42.867735
52.950000 42.873189
52.966667 42.878638
52.983333 42.884080
53.000000 42.889517
53.016667 42.894947
53.033333 42.900371
53.050000 42.905789
53.066667 42.911201
53.083333 42.916607
53.100000 42.922007
53.116667 42.927401
53.133333 42.932789
53.150000 42.938170
53.166667 42.943546
53.183333 42.948916
53.200000 42.954279
53.216667 42.959637
53.233333 42.964988
53.250000 42.970334
53.266667 42.975674
53.283333 42.981007
53.300000 42.986335
53.316667 42.991657
53.333333 42.996972
53.350000 43.002282
53.366667 43.007586
53.383333 43.012884
53.400000 43.018176
53.416667 43.023462
53.433333 43.028742
53.450000 43.034016
53.466667 43.039285
53.483333 43.044547
53.500000 43.049804
53.516667 43.055055
53.533333 43.060299
53.550000 43.065538
53.566667 43.070772
53.583333 43.075999
53.600000 43.081220
53.616667 43.086436
53.633333 43.091646
53.650000 43.096850
53.666667 43.102048
53.683333 43.107241
53.700000 43.112427
53.716667 43.117608
53.733333 43.122783
53.750000 43.127953
53.766667 43.133116
53.783333 43.138274
53.800000 43.143426
53.816667 43.148573
53.833333 43.153713
53.850000 43.158848
53.866667 43.163977
53.883333 43.169101
53.900000 43.174219
53.916667 43.179331
53.933333 43.184437
53.950000 43.189538
53.966667 43.194633
53.983333 43.199723
54.000000 43.204806
54.016667 43.209884
54.033333 43.214957
54.050000 43.220024
54.066667 43.225085
54.083333 43.230141
54.100000 43.235191
54.116667 43.240235
54.133333 43.245274
54.150000 43.250307
54.166667 43.255335
54.183333 43.260357
54.200000 43.265374
54.216667 43.270385
54.233333 43.275390
54.250000 43.280390
54.266667 43.285384
54.283333 43.290373
54.300000 43.295357
54.316667 43.300334
54.333333 43.305307
54.350000 43.310274
54.366667 43.315235
54.383333 43.320191
54.400000 43.325141
54.416667 43.330086
54.433333 43.335025
54.450000 43.339959
54.466667 43.344888
54.483333 43.349811
54.500000 43.354729
54.516667 43.359641
54.533333 43.364548
54.550000 43.369449
54.566667 43.374345
54.583333 43.379236
54.600000 43.384121
54.616667 43.389001
54.633333 43.393875
54.650000 43.398744
54.666667 43.403608
54.683333 43.408466
54.700000 43.413320
54.716667 43.418167
54.733333 43.423010
54.750000 43.427847
54.766667 43.432678
54.783333 43.437505
54.800000 43.442326
54.816667 43.447142
54.833333 43.451952
54.850000 43.456757
54.866667 43.461557
54.883333 43.466352
54.900000 43.471141
54.916667 43.475925
54.933333 43.480704
54.950000 43.485478
54.966667 43.490246
54.983333 43.495009
55.000000 43.499767
55.016667 43.504520
55.033333 43.509268
55.050000 43.514010
55.066667 43.518747
55.083333 43.523479
55.100000 43.528206
55.116667 43.532927
55.133333 43.537644
55.150000 43.542355
55.166667 43.547061
55.183333 43.551762
55.200000 43.556458
55.216667 43.561149
55.233333 43.565834
55.250000 43.570515
55.266667 43.575190
55.283333 43.579860
55.300000 43.584525
55.316667 43.589185
55.333333 43.593840
55.350000 43.598490
55.366667 43.603135
55.383333 43.607774
55.400000 43.612409
55.416667 43.617039
55.433333 43.621663
55.450000 43.626283
55.466667 43.630897
55.483333 43.635507
55.500000 43.640111
55.516667 43.644710
55.533333 43.649305
55.550000 43.653894
55.566667 43.658478
55.583333 43.663058
55.600000 43.667632
55.616667 43.672202
55.633333 43.676766
55.650000 43.681326
55.666667 43.685880
55.683333 43.690430
55.700000 43.694974
55.716667 43.699514
55.733333 43.704049
55.750000 43.708579
55.766667 43.713104
55.783333 43.717624
55.800000 43.722139
55.816667 43.726649
55.833333 43.731154
55.850000 43.735655
55.866667 43.740151
55.883333 43.744641
55.900000 43.749127
55.916667 43.753608
55.933333 43.758084
55.950000 43.762555
55.966667 43.767022
55.983333 43.771483
56.000000 43.775940
56.016667 43.780392
56.033333 43.784839
56.050000 43.789282
56.066667 43.793719
56.083333 43.798152
56.100000 43.802580
56.116667 43.807003
56.133333 43.811421
56.150000 43.815835
56.166667 43.820244
56.183333 43.824648
56.200000 43.829047
56.216667 43.833442
56.233333 43.837831
56.250000 43.842216
56.266667 43.846597
56.283333 43.850972
56.300000 43.855343
56.316667 43.859709
56.333333 43.864071
56.350000 43.868428
56.366667 43.872780
56.383333 43.877127
56.400000 43.881470
56.416667 43.885808
56.433333 43.890142
56.450000 43.894470
56.466667 43.898794
56.483333 43.903114
56.500000 43.907429
56.516667 43.911739
56.533333 43.916044
56.550000 43.920345
56.566667 43.924641
56.583333 43.928933
56.600000 43.933220
56.616667 43.937503
56.633333 43.941780
56.650000 43.946054
56.666667 43.950322
56.683333 43.954587
56.700000 43.958846
56.716667 43.963101
56.733333 43.967351
56.750000 43.971597
56.766667 43.975839
56.783333 43.980075
56.800000 43.984308
56.816667 43.988535
56.833333 43.992758
56.850000 43.996977
56.866667 44.001191
56.883333 44.005401
56.900000 44.009606
56.916667 44.013807
56.933333 44.018003
56.950000 44.022195
56.966667 44.026382
56.983333 44.030564
57.000000 44.034743
57.016667 44.038917
57.033333 44.043086
57.050000 44.047251
57.066667 44.051411
57.083333 44.055567
57.100000 44.059719
57.116667 44.063866
57.133333 44.068009
57.150000 44.072147
57.166667 44.076281
57.183333 44.080410
57.200000 44.084536
57.216667 44.088656
57.233333 44.092773
57.250000 44.096885
57.266667 44.100992
57.283333 44.105095
57.300000 44.109194
57.316667 44.113289
57.333333 44.117379
57.350000 44.121465
57.366667 44.125546
57.383333 44.129623
57.400000 44.133696
57.416667 44.137764
57.433333 44.141829
57.450000 44.145888
57.466667 44.149944
57.483333 44.153995
57.500000 44.158042
57.516667 44.162085
57.533333 44.166123
57.550000 44.170157
57.566667 44.174187
57.583333 44.178213
57.600000 44.182234
57.616667 44.186251
57.633333 44.190264
57.650000 44.194272
57.666667 44.198277
57.683333 44.202277
57.700000 44.206272
57.716667 44.210264
57.733333 44.214251
57.750000 44.218235
57.766667 44.222213
57.783333 44.226188
57.800000 44.230159
57.816667 44.234125
57.833333 44.238087
57.850000 44.242045
57.866667 44.245999
57.883333 44.249949
57.900000 44.253894
57.916667 44.257836
57.933333 44.261773
57.950000 44.265706
57.966667 44.269635
57.983333 44.273559
58.000000 44.277480
58.016667 44.281397
58.033333 44.285309
58.050000 44.289217
58.066667 44.293121
58.083333 44.297021
58.100000 44.300917
58.116667 44.304809
58.133333 44.308697
58.150000 44.312581
58.166667 44.316460
58.183333 44.320336
58.200000 44.324207
58.216667 44.328075
58.233333 44.331938
58.250000 44.335797
58.266667 44.339652
58.283333 44.343504
58.300000 44.347351
58.316667 44.351194
58.333333 44.355033
58.350000 44.358868
58.366667 44.362699
58.383333 44.366526
58.400000 44.370349
58.416667 44.374168
58.433333 44.377983
58.450000 44.381794
58.466667 44.385601
58.483333 44.389404
58.500000 44.393203
58.516667 44.396998
58.533333 44.400790
58.550000 44.404577
58.566667 44.408360
58.583333 44.412139
58.600000 44.415915
58.616667 44.419686
58.633333 44.423454
58.650000 44.427217
58.666667 44.430977
58.683333 44.434732
58.700000 44.438484
58.716667 44.442232
58.733333 44.445976
58.750000 44.449716
58.766667 44.453452
58.783333 44.457185
58.800000 44.460913
58.816667 44.464638
58.833333 44.468358
58.850000 44.472075
58.866667 44.475788
58.883333 44.479497
58.900000 44.483202
58.916667 44.486903
58.933333 44.490601
58.950000 44.494295
58.966667 44.497984
58.983333 44.501670
59.000000 44.505353
59.016667 44.509031
59.033333 44.512706
59.050000 44.516376
59.066667 44.520043
59.083333 44.523706
59.100000 44.527366
59.116667 44.531021
59.133333 44.534673
59.150000 44.538321
59.166667 44.541965
59.183333 44.545605
59.200000 44.549242
59.216667 44.552875
59.233333 44.556504
59.250000 44.560129
59.266667 44.563751
59.283333 44.567369
59.300000 44.570983
59.316667 44.574594
59.333333 44.578200
59.350000 44.581803
59.366667 44.585402
59.383333 44.588998
59.400000 44.592590
59.416667 44.596178
59.433333 44.599762
59.450000 44.603343
59.466667 44.606920
59.483333 44.610493
59.500000 44.614063
59.516667 44.617629
59.533333 44.621191
59.550000 44.624750
59.566667 44.628305
59.583333 44.631856
59.600000 44.635404
59.616667 44.638948
59.633333 44.642488
59.650000 44.646025
59.666667 44.649558
59.683333 44.653087
59.700000 44.656613
59.716667 44.660136
59.733333 44.663654
59.750000 44.667169
59.766667 44.670681
59.783333 44.674188
59.800000 44.677692
59.816667 44.681193
59.833333 44.684690
59.850000 44.688183
59.866667 44.691673
59.883333 44.695160
59.900000 44.698642
59.916667 44.702121
59.933333 44.705597
59.950000 44.709069
59.966667 44.712537
59.983333 44.716002

TRUE SOLUTION: AT TIME 60s, INTEGRAL = 44.803386
