0.000000 	 0.000002 
0.016667 	 0.000013 
0.033333 	 0.000030 
0.050000 	 0.000053 
0.066667 	 0.000080 
0.083333 	 0.000112 
0.100000 	 0.000148 
0.116667 	 0.000189 
0.133333 	 0.000233 
0.150000 	 0.000281 
0.166667 	 0.000333 
0.183333 	 0.000389 
0.200000 	 0.000448 
0.216667 	 0.000511 
0.233333 	 0.000577 
0.250000 	 0.000648 
0.266667 	 0.000721 
0.283333 	 0.000798 
0.300000 	 0.000879 
0.316667 	 0.000963 
0.333333 	 0.001050 
0.350000 	 0.001141 
0.366667 	 0.001235 
0.383333 	 0.001333 
0.400000 	 0.001434 
0.416667 	 0.001539 
0.433333 	 0.001647 
0.450000 	 0.001759 
0.466667 	 0.001873 
0.483333 	 0.001992 
0.500000 	 0.002113 
0.516667 	 0.002239 
0.533333 	 0.002367 
0.550000 	 0.002499 
0.566667 	 0.002634 
0.583333 	 0.002772 
0.600000 	 0.002914 
0.616667 	 0.003059 
0.633333 	 0.003208 
0.650000 	 0.003359 
0.666667 	 0.003514 
0.683333 	 0.003672 
0.700000 	 0.003833 
0.716667 	 0.003998 
0.733333 	 0.004166 
0.750000 	 0.004336 
0.766667 	 0.004510 
0.783333 	 0.004687 
0.800000 	 0.004867 
0.816667 	 0.005050 
0.833333 	 0.005236 
0.850000 	 0.005425 
0.866667 	 0.005618 
0.883333 	 0.005813 
0.900000 	 0.006010 
0.916667 	 0.006211 
0.933333 	 0.006415 
0.950000 	 0.006621 
0.966667 	 0.006830 
0.983333 	 0.007042 
1.000000 	 0.007257 
1.016667 	 0.007475 
1.033333 	 0.007695 
1.050000 	 0.007917 
1.066667 	 0.008143 
1.083333 	 0.008371 
1.100000 	 0.008601 
1.116667 	 0.008835 
1.133333 	 0.009070 
1.150000 	 0.009309 
1.166667 	 0.009549 
1.183333 	 0.009793 
1.200000 	 0.010038 
1.216667 	 0.010286 
1.233333 	 0.010537 
1.250000 	 0.010789 
1.266667 	 0.011045 
1.283333 	 0.011302 
1.300000 	 0.011562 
1.316667 	 0.011824 
1.333333 	 0.012089 
1.350000 	 0.012355 
1.366667 	 0.012624 
1.383333 	 0.012895 
1.400000 	 0.013169 
1.416667 	 0.013444 
1.433333 	 0.013722 
1.450000 	 0.014002 
1.466667 	 0.014284 
1.483333 	 0.014569 
1.500000 	 0.014855 
1.516667 	 0.015144 
1.533333 	 0.015434 
1.550000 	 0.015727 
1.566667 	 0.016022 
1.583333 	 0.016319 
1.600000 	 0.016618 
1.616667 	 0.016919 
1.633333 	 0.017222 
1.650000 	 0.017527 
1.666667 	 0.017834 
1.683333 	 0.018143 
1.700000 	 0.018455 
1.716667 	 0.018768 
1.733333 	 0.019083 
1.750000 	 0.019400 
1.766667 	 0.019719 
1.783333 	 0.020040 
1.800000 	 0.020364 
1.816667 	 0.020689 
1.833333 	 0.021016 
1.850000 	 0.021345 
1.866667 	 0.021676 
1.883333 	 0.022008 
1.900000 	 0.022343 
1.916667 	 0.022680 
1.933333 	 0.023018 
1.950000 	 0.023359 
1.966667 	 0.023701 
1.983333 	 0.024046 
2.000000 	 0.024392 
2.016667 	 0.024740 
2.033333 	 0.025090 
2.050000 	 0.025442 
2.066667 	 0.025796 
2.083333 	 0.026151 
2.100000 	 0.026509 
2.116667 	 0.026868 
2.133333 	 0.027230 
2.150000 	 0.027593 
2.166667 	 0.027958 
2.183333 	 0.028324 
2.200000 	 0.028693 
2.216667 	 0.029063 
2.233333 	 0.029436 
2.250000 	 0.029810 
2.266667 	 0.030186 
2.283333 	 0.030564 
2.300000 	 0.030943 
2.316667 	 0.031325 
2.333333 	 0.031708 
2.350000 	 0.032093 
2.366667 	 0.032480 
2.383333 	 0.032868 
2.400000 	 0.033259 
2.416667 	 0.033651 
2.433333 	 0.034045 
2.450000 	 0.034441 
2.466667 	 0.034838 
2.483333 	 0.035237 
2.500000 	 0.035639 
2.516667 	 0.036041 
2.533333 	 0.036446 
2.550000 	 0.036852 
2.566667 	 0.037260 
2.583333 	 0.037670 
2.600000 	 0.038082 
2.616667 	 0.038495 
2.633333 	 0.038911 
2.650000 	 0.039327 
2.666667 	 0.039746 
2.683333 	 0.040166 
2.700000 	 0.040588 
2.716667 	 0.041012 
2.733333 	 0.041438 
2.750000 	 0.041865 
2.766667 	 0.042294 
2.783333 	 0.042725 
2.800000 	 0.043157 
2.816667 	 0.043591 
2.833333 	 0.044027 
2.850000 	 0.044464 
2.866667 	 0.044903 
2.883333 	 0.045344 
2.900000 	 0.045787 
2.916667 	 0.046231 
2.933333 	 0.046677 
2.950000 	 0.047125 
2.966667 	 0.047574 
2.983333 	 0.048025 
3.000000 	 0.048478 
3.016667 	 0.048932 
3.033333 	 0.049388 
3.050000 	 0.049846 
3.066667 	 0.050305 
3.083333 	 0.050766 
3.100000 	 0.051228 
3.116667 	 0.051693 
3.133333 	 0.052159 
3.150000 	 0.052626 
3.166667 	 0.053095 
3.183333 	 0.053566 
3.200000 	 0.054039 
3.216667 	 0.054513 
3.233333 	 0.054989 
3.250000 	 0.055466 
3.266667 	 0.055945 
3.283333 	 0.056426 
3.300000 	 0.056908 
3.316667 	 0.057392 
3.333333 	 0.057877 
3.350000 	 0.058364 
3.366667 	 0.058853 
3.383333 	 0.059343 
3.400000 	 0.059835 
3.416667 	 0.060329 
3.433333 	 0.060824 
3.450000 	 0.061321 
3.466667 	 0.061819 
3.483333 	 0.062319 
3.500000 	 0.062821 
3.516667 	 0.063324 
3.533333 	 0.063828 
3.550000 	 0.064335 
3.566667 	 0.064843 
3.583333 	 0.065352 
3.600000 	 0.065863 
3.616667 	 0.066376 
3.633333 	 0.066890 
3.650000 	 0.067405 
3.666667 	 0.067923 
3.683333 	 0.068442 
3.700000 	 0.068962 
3.716667 	 0.069484 
3.733333 	 0.070008 
3.750000 	 0.070533 
3.766667 	 0.071059 
3.783333 	 0.071587 
3.800000 	 0.072117 
3.816667 	 0.072648 
3.833333 	 0.073181 
3.850000 	 0.073716 
3.866667 	 0.074252 
3.883333 	 0.074789 
3.900000 	 0.075328 
3.916667 	 0.075869 
3.933333 	 0.076411 
3.950000 	 0.076954 
3.966667 	 0.077499 
3.983333 	 0.078046 
4.000000 	 0.078594 
4.016667 	 0.079144 
4.033333 	 0.079695 
4.050000 	 0.080248 
4.066667 	 0.080802 
4.083333 	 0.081358 
4.100000 	 0.081915 
4.116667 	 0.082474 
4.133333 	 0.083034 
4.150000 	 0.083596 
4.166667 	 0.084159 
4.183333 	 0.084724 
4.200000 	 0.085290 
4.216667 	 0.085858 
4.233333 	 0.086427 
4.250000 	 0.086998 
4.266667 	 0.087570 
4.283333 	 0.088143 
4.300000 	 0.088719 
4.316667 	 0.089295 
4.333333 	 0.089874 
4.350000 	 0.090453 
4.366667 	 0.091034 
4.383333 	 0.091617 
4.400000 	 0.092201 
4.416667 	 0.092787 
4.433333 	 0.093374 
4.450000 	 0.093962 
4.466667 	 0.094552 
4.483333 	 0.095143 
4.500000 	 0.095736 
4.516667 	 0.096331 
4.533333 	 0.096926 
4.550000 	 0.097524 
4.566667 	 0.098122 
4.583333 	 0.098723 
4.600000 	 0.099324 
4.616667 	 0.099927 
4.633333 	 0.100532 
4.650000 	 0.101138 
4.666667 	 0.101745 
4.683333 	 0.102354 
4.700000 	 0.102965 
4.716667 	 0.103576 
4.733333 	 0.104189 
4.750000 	 0.104804 
4.766667 	 0.105420 
4.783333 	 0.106038 
4.800000 	 0.106657 
4.816667 	 0.107277 
4.833333 	 0.107899 
4.850000 	 0.108522 
4.866667 	 0.109147 
4.883333 	 0.109773 
4.900000 	 0.110400 
4.916667 	 0.111029 
4.933333 	 0.111660 
4.950000 	 0.112291 
4.966667 	 0.112924 
4.983333 	 0.113559 
5.000000 	 0.114195 
5.016667 	 0.114833 
5.033333 	 0.115471 
5.050000 	 0.116112 
5.066667 	 0.116753 
5.083333 	 0.117396 
5.100000 	 0.118041 
5.116667 	 0.118687 
5.133333 	 0.119334 
5.150000 	 0.119983 
5.166667 	 0.120633 
5.183333 	 0.121284 
5.200000 	 0.121937 
5.216667 	 0.122591 
5.233333 	 0.123247 
5.250000 	 0.123904 
5.266667 	 0.124562 
5.283333 	 0.125222 
5.300000 	 0.125883 
5.316667 	 0.126546 
5.333333 	 0.127210 
5.350000 	 0.127875 
5.366667 	 0.128542 
5.383333 	 0.129210 
5.400000 	 0.129879 
5.416667 	 0.130550 
5.433333 	 0.131222 
5.450000 	 0.131896 
5.466667 	 0.132571 
5.483333 	 0.133247 
5.500000 	 0.133925 
5.516667 	 0.134604 
5.533333 	 0.135285 
5.550000 	 0.135966 
5.566667 	 0.136650 
5.583333 	 0.137334 
5.600000 	 0.138020 
5.616667 	 0.138707 
5.633333 	 0.139396 
5.650000 	 0.140086 
5.666667 	 0.140777 
5.683333 	 0.141470 
5.700000 	 0.142164 
5.716667 	 0.142859 
5.733333 	 0.143556 
5.750000 	 0.144254 
5.766667 	 0.144954 
5.783333 	 0.145655 
5.800000 	 0.146357 
5.816667 	 0.147060 
5.833333 	 0.147765 
5.850000 	 0.148471 
5.866667 	 0.149179 
5.883333 	 0.149887 
5.900000 	 0.150598 
5.916667 	 0.151309 
5.933333 	 0.152022 
5.950000 	 0.152736 
5.966667 	 0.153452 
5.983333 	 0.154169 
6.000000 	 0.154887 
6.016667 	 0.155606 
6.033333 	 0.156327 
6.050000 	 0.157049 
6.066667 	 0.157773 
6.083333 	 0.158498 
6.100000 	 0.159224 
6.116667 	 0.159951 
6.133333 	 0.160680 
6.150000 	 0.161410 
6.166667 	 0.162142 
6.183333 	 0.162874 
6.200000 	 0.163608 
6.216667 	 0.164344 
6.233333 	 0.165080 
6.250000 	 0.165818 
6.266667 	 0.166558 
6.283333 	 0.167298 
6.300000 	 0.168040 
6.316667 	 0.168783 
6.333333 	 0.169528 
6.350000 	 0.170274 
6.366667 	 0.171021 
6.383333 	 0.171769 
6.400000 	 0.172519 
6.416667 	 0.173270 
6.433333 	 0.174023 
6.450000 	 0.174776 
6.466667 	 0.175531 
6.483333 	 0.176287 
6.500000 	 0.177045 
6.516667 	 0.177804 
6.533333 	 0.178564 
6.550000 	 0.179325 
6.566667 	 0.180088 
6.583333 	 0.180852 
6.600000 	 0.181617 
6.616667 	 0.182384 
6.633333 	 0.183152 
6.650000 	 0.183921 
6.666667 	 0.184691 
6.683333 	 0.185463 
6.700000 	 0.186236 
6.716667 	 0.187010 
6.733333 	 0.187786 
6.750000 	 0.188563 
6.766667 	 0.189341 
6.783333 	 0.190120 
6.800000 	 0.190901 
6.816667 	 0.191683 
6.833333 	 0.192466 
6.850000 	 0.193250 
6.866667 	 0.194036 
6.883333 	 0.194823 
6.900000 	 0.195612 
6.916667 	 0.196401 
6.933333 	 0.197192 
6.950000 	 0.197984 
6.966667 	 0.198777 
6.983333 	 0.199572 
7.000000 	 0.200368 
7.016667 	 0.201165 
7.033333 	 0.201964 
7.050000 	 0.202763 
7.066667 	 0.203564 
7.083333 	 0.204366 
7.100000 	 0.205170 
7.116667 	 0.205975 
7.133333 	 0.206781 
7.150000 	 0.207588 
7.166667 	 0.208396 
7.183333 	 0.209206 
7.200000 	 0.210017 
7.216667 	 0.210829 
7.233333 	 0.211643 
7.250000 	 0.212457 
7.266667 	 0.213273 
7.283333 	 0.214091 
7.300000 	 0.214909 
7.316667 	 0.215729 
7.333333 	 0.216550 
7.350000 	 0.217372 
7.366667 	 0.218196 
7.383333 	 0.219020 
7.400000 	 0.219846 
7.416667 	 0.220673 
7.433333 	 0.221502 
7.450000 	 0.222331 
7.466667 	 0.223162 
7.483333 	 0.223994 
7.500000 	 0.224828 
7.516667 	 0.225662 
7.533333 	 0.226498 
7.550000 	 0.227335 
7.566667 	 0.228174 
7.583333 	 0.229013 
7.600000 	 0.229854 
7.616667 	 0.230696 
7.633333 	 0.231539 
7.650000 	 0.232383 
7.666667 	 0.233229 
7.683333 	 0.234076 
7.700000 	 0.234924 
7.716667 	 0.235773 
7.733333 	 0.236624 
7.750000 	 0.237476 
7.766667 	 0.238329 
7.783333 	 0.239183 
7.800000 	 0.240038 
7.816667 	 0.240895 
7.833333 	 0.241753 
7.850000 	 0.242612 
7.866667 	 0.243472 
7.883333 	 0.244334 
7.900000 	 0.245196 
7.916667 	 0.246060 
7.933333 	 0.246926 
7.950000 	 0.247792 
7.966667 	 0.248660 
7.983333 	 0.249528 
8.000000 	 0.250398 
8.016667 	 0.251270 
8.033333 	 0.252142 
8.050000 	 0.253016 
8.066667 	 0.253890 
8.083333 	 0.254766 
8.100000 	 0.255644 
8.116667 	 0.256522 
8.133333 	 0.257402 
8.150000 	 0.258282 
8.166667 	 0.259165 
8.183333 	 0.260048 
8.200000 	 0.260932 
8.216667 	 0.261818 
8.233333 	 0.262705 
8.250000 	 0.263593 
8.266667 	 0.264482 
8.283333 	 0.265372 
8.300000 	 0.266264 
8.316667 	 0.267157 
8.333333 	 0.268051 
8.350000 	 0.268946 
8.366667 	 0.269842 
8.383333 	 0.270740 
8.400000 	 0.271639 
8.416667 	 0.272539 
8.433333 	 0.273440 
8.450000 	 0.274342 
8.466667 	 0.275245 
8.483333 	 0.276150 
8.500000 	 0.277056 
8.516667 	 0.277963 
8.533333 	 0.278871 
8.550000 	 0.279781 
8.566667 	 0.280691 
8.583333 	 0.281603 
8.600000 	 0.282516 
8.616667 	 0.283430 
8.633333 	 0.284346 
8.650000 	 0.285262 
8.666667 	 0.286180 
8.683333 	 0.287099 
8.700000 	 0.288019 
8.716667 	 0.288940 
8.733333 	 0.289862 
8.750000 	 0.290786 
8.766667 	 0.291710 
8.783333 	 0.292636 
8.800000 	 0.293563 
8.816667 	 0.294492 
8.833333 	 0.295421 
8.850000 	 0.296352 
8.866667 	 0.297283 
8.883333 	 0.298216 
8.900000 	 0.299150 
8.916667 	 0.300086 
8.933333 	 0.301022 
8.950000 	 0.301960 
8.966667 	 0.302898 
8.983333 	 0.303838 
9.000000 	 0.304779 
9.016667 	 0.305721 
9.033333 	 0.306665 
9.050000 	 0.307609 
9.066667 	 0.308555 
9.083333 	 0.309502 
9.100000 	 0.310450 
9.116667 	 0.311399 
9.133333 	 0.312349 
9.150000 	 0.313301 
9.166667 	 0.314254 
9.183333 	 0.315207 
9.200000 	 0.316162 
9.216667 	 0.317118 
9.233333 	 0.318076 
9.250000 	 0.319034 
9.266667 	 0.319994 
9.283333 	 0.320954 
9.300000 	 0.321916 
9.316667 	 0.322879 
9.333333 	 0.323843 
9.350000 	 0.324809 
9.366667 	 0.325775 
9.383333 	 0.326743 
9.400000 	 0.327711 
9.416667 	 0.328681 
9.433333 	 0.329652 
9.450000 	 0.330624 
9.466667 	 0.331598 
9.483333 	 0.332572 
9.500000 	 0.333548 
9.516667 	 0.334525 
9.533333 	 0.335502 
9.550000 	 0.336481 
9.566667 	 0.337462 
9.583333 	 0.338443 
9.600000 	 0.339425 
9.616667 	 0.340409 
9.633333 	 0.341394 
9.650000 	 0.342379 
9.666667 	 0.343366 
9.683333 	 0.344354 
9.700000 	 0.345344 
9.716667 	 0.346334 
9.733333 	 0.347326 
9.750000 	 0.348318 
9.766667 	 0.349312 
9.783333 	 0.350307 
9.800000 	 0.351303 
9.816667 	 0.352300 
9.833333 	 0.353298 
9.850000 	 0.354298 
9.866667 	 0.355298 
9.883333 	 0.356300 
9.900000 	 0.357303 
9.916667 	 0.358307 
9.933333 	 0.359312 
9.950000 	 0.360318 
9.966667 	 0.361325 
9.983333 	 0.362334 
10.000000 	 0.363343 
10.016667 	 0.364354 
10.033333 	 0.365365 
10.050000 	 0.366378 
10.066667 	 0.367392 
10.083333 	 0.368407 
10.100000 	 0.369424 
10.116667 	 0.370441 
10.133333 	 0.371460 
10.150000 	 0.372479 
10.166667 	 0.373500 
10.183333 	 0.374522 
10.200000 	 0.375545 
10.216667 	 0.376569 
10.233333 	 0.377594 
10.250000 	 0.378620 
10.266667 	 0.379648 
10.283333 	 0.380676 
10.300000 	 0.381706 
10.316667 	 0.382736 
10.333333 	 0.383768 
10.350000 	 0.384801 
10.366667 	 0.385835 
10.383333 	 0.386870 
10.400000 	 0.387907 
10.416667 	 0.388944 
10.433333 	 0.389983 
10.450000 	 0.391022 
10.466667 	 0.392063 
10.483333 	 0.393105 
10.500000 	 0.394148 
10.516667 	 0.395192 
10.533333 	 0.396237 
10.550000 	 0.397283 
10.566667 	 0.398330 
10.583333 	 0.399379 
10.600000 	 0.400428 
10.616667 	 0.401479 
10.633333 	 0.402531 
10.650000 	 0.403583 
10.666667 	 0.404637 
10.683333 	 0.405692 
10.700000 	 0.406748 
10.716667 	 0.407806 
10.733333 	 0.408864 
10.750000 	 0.409923 
10.766667 	 0.410984 
10.783333 	 0.412045 
10.800000 	 0.413108 
10.816667 	 0.414172 
10.833333 	 0.415237 
10.850000 	 0.416303 
10.866667 	 0.417370 
10.883333 	 0.418438 
10.900000 	 0.419507 
10.916667 	 0.420577 
10.933333 	 0.421649 
10.950000 	 0.422721 
10.966667 	 0.423795 
10.983333 	 0.424869 
11.000000 	 0.425945 
11.016667 	 0.427022 
11.033333 	 0.428100 
11.050000 	 0.429179 
11.066667 	 0.430259 
11.083333 	 0.431340 
11.100000 	 0.432423 
11.116667 	 0.433506 
11.133333 	 0.434590 
11.150000 	 0.435676 
11.166667 	 0.436762 
11.183333 	 0.437850 
11.200000 	 0.438939 
11.216667 	 0.440029 
11.233333 	 0.441120 
11.250000 	 0.442212 
11.266667 	 0.443305 
11.283333 	 0.444399 
11.300000 	 0.445494 
11.316667 	 0.446590 
11.333333 	 0.447688 
11.350000 	 0.448786 
11.366667 	 0.449886 
11.383333 	 0.450986 
11.400000 	 0.452088 
11.416667 	 0.453191 
11.433333 	 0.454295 
11.450000 	 0.455399 
11.466667 	 0.456505 
11.483333 	 0.457612 
11.500000 	 0.458721 
11.516667 	 0.459830 
11.533333 	 0.460940 
11.550000 	 0.462051 
11.566667 	 0.463164 
11.583333 	 0.464277 
11.600000 	 0.465392 
11.616667 	 0.466507 
11.633333 	 0.467624 
11.650000 	 0.468742 
11.666667 	 0.469860 
11.683333 	 0.470980 
11.700000 	 0.472101 
11.716667 	 0.473223 
11.733333 	 0.474346 
11.750000 	 0.475470 
11.766667 	 0.476596 
11.783333 	 0.477722 
11.800000 	 0.478849 
11.816667 	 0.479977 
11.833333 	 0.481107 
11.850000 	 0.482237 
11.866667 	 0.483369 
11.883333 	 0.484501 
11.900000 	 0.485635 
11.916667 	 0.486770 
11.933333 	 0.487906 
11.950000 	 0.489042 
11.966667 	 0.490180 
11.983333 	 0.491319 
12.000000 	 0.492459 
12.016667 	 0.493600 
12.033333 	 0.494742 
12.050000 	 0.495886 
12.066667 	 0.497030 
12.083333 	 0.498175 
12.100000 	 0.499321 
12.116667 	 0.500469 
12.133333 	 0.501617 
12.150000 	 0.502767 
12.166667 	 0.503917 
12.183333 	 0.505069 
12.200000 	 0.506221 
12.216667 	 0.507375 
12.233333 	 0.508530 
12.250000 	 0.509686 
12.266667 	 0.510842 
12.283333 	 0.512000 
12.300000 	 0.513159 
12.316667 	 0.514319 
12.333333 	 0.515480 
12.350000 	 0.516642 
12.366667 	 0.517805 
12.383333 	 0.518970 
12.400000 	 0.520135 
12.416667 	 0.521301 
12.433333 	 0.522468 
12.450000 	 0.523637 
12.466667 	 0.524806 
12.483333 	 0.525976 
12.500000 	 0.527148 
12.516667 	 0.528320 
12.533333 	 0.529494 
12.550000 	 0.530668 
12.566667 	 0.531844 
12.583333 	 0.533021 
12.600000 	 0.534198 
12.616667 	 0.535377 
12.633333 	 0.536557 
12.650000 	 0.537738 
12.666667 	 0.538920 
12.683333 	 0.540102 
12.700000 	 0.541286 
12.716667 	 0.542471 
12.733333 	 0.543657 
12.750000 	 0.544844 
12.766667 	 0.546032 
12.783333 	 0.547221 
12.800000 	 0.548412 
12.816667 	 0.549603 
12.833333 	 0.550795 
12.850000 	 0.551988 
12.866667 	 0.553182 
12.883333 	 0.554378 
12.900000 	 0.555574 
12.916667 	 0.556771 
12.933333 	 0.557970 
12.950000 	 0.559169 
12.966667 	 0.560369 
12.983333 	 0.561571 
13.000000 	 0.562773 
13.016667 	 0.563977 
13.033333 	 0.565181 
13.050000 	 0.566387 
13.066667 	 0.567594 
13.083333 	 0.568801 
13.100000 	 0.570010 
13.116667 	 0.571220 
13.133333 	 0.572430 
13.150000 	 0.573642 
13.166667 	 0.574855 
13.183333 	 0.576068 
13.200000 	 0.577283 
13.216667 	 0.578499 
13.233333 	 0.579716 
13.250000 	 0.580934 
13.266667 	 0.582153 
13.283333 	 0.583373 
13.300000 	 0.584593 
13.316667 	 0.585815 
13.333333 	 0.587038 
13.350000 	 0.588262 
13.366667 	 0.589487 
13.383333 	 0.590713 
13.400000 	 0.591940 
13.416667 	 0.593168 
13.433333 	 0.594397 
13.450000 	 0.595627 
13.466667 	 0.596859 
13.483333 	 0.598091 
13.500000 	 0.599324 
13.516667 	 0.600558 
13.533333 	 0.601793 
13.550000 	 0.603029 
13.566667 	 0.604266 
13.583333 	 0.605505 
13.600000 	 0.606744 
13.616667 	 0.607984 
13.633333 	 0.609225 
13.650000 	 0.610468 
13.666667 	 0.611711 
13.683333 	 0.612955 
13.700000 	 0.614200 
13.716667 	 0.615447 
13.733333 	 0.616694 
13.750000 	 0.617942 
13.766667 	 0.619191 
13.783333 	 0.620442 
13.800000 	 0.621693 
13.816667 	 0.622945 
13.833333 	 0.624199 
13.850000 	 0.625453 
13.866667 	 0.626708 
13.883333 	 0.627965 
13.900000 	 0.629222 
13.916667 	 0.630481 
13.933333 	 0.631740 
13.950000 	 0.633000 
13.966667 	 0.634262 
13.983333 	 0.635524 
14.000000 	 0.636787 
14.016667 	 0.638052 
14.033333 	 0.639317 
14.050000 	 0.640584 
14.066667 	 0.641851 
14.083333 	 0.643119 
14.100000 	 0.644389 
14.116667 	 0.645659 
14.133333 	 0.646931 
14.150000 	 0.648203 
14.166667 	 0.649476 
14.183333 	 0.650751 
14.200000 	 0.652026 
14.216667 	 0.653303 
14.233333 	 0.654580 
14.250000 	 0.655858 
14.266667 	 0.657138 
14.283333 	 0.658418 
14.300000 	 0.659699 
14.316667 	 0.660982 
14.333333 	 0.662265 
14.350000 	 0.663550 
14.366667 	 0.664835 
14.383333 	 0.666121 
14.400000 	 0.667409 
14.416667 	 0.668697 
14.433333 	 0.669986 
14.450000 	 0.671276 
14.466667 	 0.672568 
14.483333 	 0.673860 
14.500000 	 0.675153 
14.516667 	 0.676448 
14.533333 	 0.677743 
14.550000 	 0.679039 
14.566667 	 0.680336 
14.583333 	 0.681635 
14.600000 	 0.682934 
14.616667 	 0.684234 
14.633333 	 0.685535 
14.650000 	 0.686838 
14.666667 	 0.688141 
14.683333 	 0.689445 
14.700000 	 0.690750 
14.716667 	 0.692056 
14.733333 	 0.693363 
14.750000 	 0.694671 
14.766667 	 0.695981 
14.783333 	 0.697291 
14.800000 	 0.698602 
14.816667 	 0.699914 
14.833333 	 0.701227 
14.850000 	 0.702541 
14.866667 	 0.703856 
14.883333 	 0.705172 
14.900000 	 0.706489 
14.916667 	 0.707807 
14.933333 	 0.709126 
14.950000 	 0.710445 
14.966667 	 0.711766 
14.983333 	 0.713088 
15.000000 	 0.714411 
15.016667 	 0.715735 
15.033333 	 0.717060 
15.050000 	 0.718386 
15.066667 	 0.719712 
15.083333 	 0.721040 
15.100000 	 0.722369 
15.116667 	 0.723698 
15.133333 	 0.725029 
15.150000 	 0.726361 
15.166667 	 0.727693 
15.183333 	 0.729027 
15.200000 	 0.730362 
15.216667 	 0.731697 
15.233333 	 0.733034 
15.250000 	 0.734371 
15.266667 	 0.735710 
15.283333 	 0.737049 
15.300000 	 0.738390 
15.316667 	 0.739731 
15.333333 	 0.741073 
15.350000 	 0.742417 
15.366667 	 0.743761 
15.383333 	 0.745106 
15.400000 	 0.746453 
15.416667 	 0.747800 
15.433333 	 0.749148 
15.450000 	 0.750497 
15.466667 	 0.751847 
15.483333 	 0.753198 
15.500000 	 0.754551 
15.516667 	 0.755904 
15.533333 	 0.757258 
15.550000 	 0.758613 
15.566667 	 0.759969 
15.583333 	 0.761326 
15.600000 	 0.762683 
15.616667 	 0.764042 
15.633333 	 0.765402 
15.650000 	 0.766763 
15.666667 	 0.768125 
15.683333 	 0.769487 
15.700000 	 0.770851 
15.716667 	 0.772216 
15.733333 	 0.773581 
15.750000 	 0.774948 
15.766667 	 0.776316 
15.783333 	 0.777684 
15.800000 	 0.779054 
15.816667 	 0.780424 
15.833333 	 0.781795 
15.850000 	 0.783168 
15.866667 	 0.784541 
15.883333 	 0.785915 
15.900000 	 0.787291 
15.916667 	 0.788667 
15.933333 	 0.790044 
15.950000 	 0.791422 
15.966667 	 0.792801 
15.983333 	 0.794181 
16.000000 	 0.795562 
16.016667 	 0.796944 
16.033333 	 0.798327 
16.050000 	 0.799711 
16.066667 	 0.801096 
16.083333 	 0.802482 
16.100000 	 0.803868 
16.116667 	 0.805256 
16.133333 	 0.806645 
16.150000 	 0.808034 
16.166667 	 0.809425 
16.183333 	 0.810817 
16.200000 	 0.812209 
16.216667 	 0.813603 
16.233333 	 0.814997 
16.250000 	 0.816392 
16.266667 	 0.817789 
16.283333 	 0.819186 
16.300000 	 0.820584 
16.316667 	 0.821983 
16.333333 	 0.823383 
16.350000 	 0.824784 
16.366667 	 0.826186 
16.383333 	 0.827589 
16.400000 	 0.828993 
16.416667 	 0.830398 
16.433333 	 0.831804 
16.450000 	 0.833211 
16.466667 	 0.834619 
16.483333 	 0.836027 
16.500000 	 0.837437 
16.516667 	 0.838847 
16.533333 	 0.840259 
16.550000 	 0.841672 
16.566667 	 0.843085 
16.583333 	 0.844499 
16.600000 	 0.845915 
16.616667 	 0.847331 
16.633333 	 0.848748 
16.650000 	 0.850166 
16.666667 	 0.851585 
16.683333 	 0.853005 
16.700000 	 0.854426 
16.716667 	 0.855848 
16.733333 	 0.857271 
16.750000 	 0.858695 
16.766667 	 0.860120 
16.783333 	 0.861546 
16.800000 	 0.862972 
16.816667 	 0.864400 
16.833333 	 0.865828 
16.850000 	 0.867258 
16.866667 	 0.868688 
16.883333 	 0.870120 
16.900000 	 0.871552 
16.916667 	 0.872985 
16.933333 	 0.874420 
16.950000 	 0.875855 
16.966667 	 0.877291 
16.983333 	 0.878728 
17.000000 	 0.880166 
17.016667 	 0.881605 
17.033333 	 0.883045 
17.050000 	 0.884485 
17.066667 	 0.885927 
17.083333 	 0.887370 
17.100000 	 0.888813 
17.116667 	 0.890258 
17.133333 	 0.891703 
17.150000 	 0.893150 
17.166667 	 0.894597 
17.183333 	 0.896045 
17.200000 	 0.897495 
17.216667 	 0.898945 
17.233333 	 0.900396 
17.250000 	 0.901848 
17.266667 	 0.903301 
17.283333 	 0.904755 
17.300000 	 0.906210 
17.316667 	 0.907665 
17.333333 	 0.909122 
17.350000 	 0.910580 
17.366667 	 0.912038 
17.383333 	 0.913498 
17.400000 	 0.914958 
17.416667 	 0.916420 
17.433333 	 0.917882 
17.450000 	 0.919345 
17.466667 	 0.920809 
17.483333 	 0.922274 
17.500000 	 0.923740 
17.516667 	 0.925207 
17.533333 	 0.926675 
17.550000 	 0.928144 
17.566667 	 0.929614 
17.583333 	 0.931084 
17.600000 	 0.932556 
17.616667 	 0.934029 
17.633333 	 0.935502 
17.650000 	 0.936976 
17.666667 	 0.938452 
17.683333 	 0.939928 
17.700000 	 0.941405 
17.716667 	 0.942883 
17.733333 	 0.944362 
17.750000 	 0.945842 
17.766667 	 0.947323 
17.783333 	 0.948805 
17.800000 	 0.950288 
17.816667 	 0.951771 
17.833333 	 0.953256 
17.850000 	 0.954741 
17.866667 	 0.956228 
17.883333 	 0.957715 
17.900000 	 0.959204 
17.916667 	 0.960693 
17.933333 	 0.962183 
17.950000 	 0.963674 
17.966667 	 0.965166 
17.983333 	 0.966659 
18.000000 	 0.968153 
18.016667 	 0.969647 
18.033333 	 0.971143 
18.050000 	 0.972640 
18.066667 	 0.974137 
18.083333 	 0.975636 
18.100000 	 0.977135 
18.116667 	 0.978635 
18.133333 	 0.980136 
18.150000 	 0.981638 
18.166667 	 0.983142 
18.183333 	 0.984645 
18.200000 	 0.986150 
18.216667 	 0.987656 
18.233333 	 0.989163 
18.250000 	 0.990670 
18.266667 	 0.992179 
18.283333 	 0.993688 
18.300000 	 0.995199 
18.316667 	 0.996710 
18.333333 	 0.998222 
18.350000 	 0.999735 
18.366667 	 1.001249 
18.383333 	 1.002764 
18.400000 	 1.004280 
18.416667 	 1.005797 
18.433333 	 1.007315 
18.450000 	 1.008833 
18.466667 	 1.010353 
18.483333 	 1.011873 
18.500000 	 1.013395 
18.516667 	 1.014917 
18.533333 	 1.016440 
18.550000 	 1.017964 
18.566667 	 1.019489 
18.583333 	 1.021015 
18.600000 	 1.022542 
18.616667 	 1.024070 
18.633333 	 1.025598 
18.650000 	 1.027128 
18.666667 	 1.028658 
18.683333 	 1.030190 
18.700000 	 1.031722 
18.716667 	 1.033255 
18.733333 	 1.034789 
18.750000 	 1.036324 
18.766667 	 1.037860 
18.783333 	 1.039397 
18.800000 	 1.040935 
18.816667 	 1.042474 
18.833333 	 1.044013 
18.850000 	 1.045554 
18.866667 	 1.047095 
18.883333 	 1.048637 
18.900000 	 1.050181 
18.916667 	 1.051725 
18.933333 	 1.053270 
18.950000 	 1.054816 
18.966667 	 1.056363 
18.983333 	 1.057910 
19.000000 	 1.059459 
19.016667 	 1.061009 
19.033333 	 1.062559 
19.050000 	 1.064110 
19.066667 	 1.065663 
19.083333 	 1.067216 
19.100000 	 1.068770 
19.116667 	 1.070325 
19.133333 	 1.071881 
19.150000 	 1.073437 
19.166667 	 1.074995 
19.183333 	 1.076554 
19.200000 	 1.078113 
19.216667 	 1.079674 
19.233333 	 1.081235 
19.250000 	 1.082797 
19.266667 	 1.084360 
19.283333 	 1.085924 
19.300000 	 1.087489 
19.316667 	 1.089055 
19.333333 	 1.090622 
19.350000 	 1.092189 
19.366667 	 1.093758 
19.383333 	 1.095327 
19.400000 	 1.096898 
19.416667 	 1.098469 
19.433333 	 1.100041 
19.450000 	 1.101614 
19.466667 	 1.103188 
19.483333 	 1.104763 
19.500000 	 1.106338 
19.516667 	 1.107915 
19.533333 	 1.109492 
19.550000 	 1.111071 
19.566667 	 1.112650 
19.583333 	 1.114230 
19.600000 	 1.115811 
19.616667 	 1.117393 
19.633333 	 1.118976 
19.650000 	 1.120560 
19.666667 	 1.122145 
19.683333 	 1.123730 
19.700000 	 1.125317 
19.716667 	 1.126904 
19.733333 	 1.128492 
19.750000 	 1.130081 
19.766667 	 1.131671 
19.783333 	 1.133262 
19.800000 	 1.134854 
19.816667 	 1.136447 
19.833333 	 1.138040 
19.850000 	 1.139635 
19.866667 	 1.141230 
19.883333 	 1.142826 
19.900000 	 1.144424 
19.916667 	 1.146022 
19.933333 	 1.147621 
19.950000 	 1.149221 
19.966667 	 1.150821 
19.983333 	 1.152423 
20.000000 	 1.154025 
20.016667 	 1.155629 
20.033333 	 1.157233 
20.050000 	 1.158838 
20.066667 	 1.160444 
20.083333 	 1.162051 
20.100000 	 1.163659 
20.116667 	 1.165268 
20.133333 	 1.166878 
20.150000 	 1.168488 
20.166667 	 1.170100 
20.183333 	 1.171712 
20.200000 	 1.173325 
20.216667 	 1.174939 
20.233333 	 1.176554 
20.250000 	 1.178170 
20.266667 	 1.179787 
20.283333 	 1.181404 
20.300000 	 1.183023 
20.316667 	 1.184642 
20.333333 	 1.186262 
20.350000 	 1.187884 
20.366667 	 1.189506 
20.383333 	 1.191129 
20.400000 	 1.192752 
20.416667 	 1.194377 
20.433333 	 1.196003 
20.450000 	 1.197629 
20.466667 	 1.199256 
20.483333 	 1.200885 
20.500000 	 1.202514 
20.516667 	 1.204144 
20.533333 	 1.205775 
20.550000 	 1.207406 
20.566667 	 1.209039 
20.583333 	 1.210673 
20.600000 	 1.212307 
20.616667 	 1.213942 
20.633333 	 1.215578 
20.650000 	 1.217216 
20.666667 	 1.218853 
20.683333 	 1.220492 
20.700000 	 1.222132 
20.716667 	 1.223773 
20.733333 	 1.225414 
20.750000 	 1.227056 
20.766667 	 1.228700 
20.783333 	 1.230344 
20.800000 	 1.231989 
20.816667 	 1.233634 
20.833333 	 1.235281 
20.850000 	 1.236929 
20.866667 	 1.238577 
20.883333 	 1.240227 
20.900000 	 1.241877 
20.916667 	 1.243528 
20.933333 	 1.245180 
20.950000 	 1.246833 
20.966667 	 1.248487 
20.983333 	 1.250141 
21.000000 	 1.251797 
21.016667 	 1.253453 
21.033333 	 1.255110 
21.050000 	 1.256769 
21.066667 	 1.258428 
21.083333 	 1.260087 
21.100000 	 1.261748 
21.116667 	 1.263410 
21.133333 	 1.265072 
21.150000 	 1.266736 
21.166667 	 1.268400 
21.183333 	 1.270065 
21.200000 	 1.271731 
21.216667 	 1.273398 
21.233333 	 1.275066 
21.250000 	 1.276734 
21.266667 	 1.278404 
21.283333 	 1.280074 
21.300000 	 1.281745 
21.316667 	 1.283417 
21.333333 	 1.285090 
21.350000 	 1.286764 
21.366667 	 1.288439 
21.383333 	 1.290115 
21.400000 	 1.291791 
21.416667 	 1.293468 
21.433333 	 1.295146 
21.450000 	 1.296826 
21.466667 	 1.298505 
21.483333 	 1.300186 
21.500000 	 1.301868 
21.516667 	 1.303551 
21.533333 	 1.305234 
21.550000 	 1.306918 
21.566667 	 1.308603 
21.583333 	 1.310289 
21.600000 	 1.311976 
21.616667 	 1.313664 
21.633333 	 1.315353 
21.650000 	 1.317042 
21.666667 	 1.318732 
21.683333 	 1.320424 
21.700000 	 1.322116 
21.716667 	 1.323809 
21.733333 	 1.325503 
21.750000 	 1.327197 
21.766667 	 1.328893 
21.783333 	 1.330589 
21.800000 	 1.332286 
21.816667 	 1.333985 
21.833333 	 1.335684 
21.850000 	 1.337384 
21.866667 	 1.339084 
21.883333 	 1.340786 
21.900000 	 1.342488 
21.916667 	 1.344192 
21.933333 	 1.345896 
21.950000 	 1.347601 
21.966667 	 1.349307 
21.983333 	 1.351014 
22.000000 	 1.352721 
22.016667 	 1.354430 
22.033333 	 1.356139 
22.050000 	 1.357849 
22.066667 	 1.359560 
22.083333 	 1.361272 
22.100000 	 1.362985 
22.116667 	 1.364699 
22.133333 	 1.366413 
22.150000 	 1.368129 
22.166667 	 1.369845 
22.183333 	 1.371562 
22.200000 	 1.373280 
22.216667 	 1.374999 
22.233333 	 1.376719 
22.250000 	 1.378439 
22.266667 	 1.380161 
22.283333 	 1.381883 
22.300000 	 1.383606 
22.316667 	 1.385330 
22.333333 	 1.387055 
22.350000 	 1.388781 
22.366667 	 1.390507 
22.383333 	 1.392235 
22.400000 	 1.393963 
22.416667 	 1.395692 
22.433333 	 1.397422 
22.450000 	 1.399153 
22.466667 	 1.400885 
22.483333 	 1.402617 
22.500000 	 1.404351 
22.516667 	 1.406085 
22.533333 	 1.407820 
22.550000 	 1.409556 
22.566667 	 1.411293 
22.583333 	 1.413031 
22.600000 	 1.414769 
22.616667 	 1.416509 
22.633333 	 1.418249 
22.650000 	 1.419990 
22.666667 	 1.421732 
22.683333 	 1.423475 
22.700000 	 1.425218 
22.716667 	 1.426963 
22.733333 	 1.428708 
22.750000 	 1.430455 
22.766667 	 1.432202 
22.783333 	 1.433950 
22.800000 	 1.435698 
22.816667 	 1.437448 
22.833333 	 1.439199 
22.850000 	 1.440950 
22.866667 	 1.442702 
22.883333 	 1.444455 
22.900000 	 1.446209 
22.916667 	 1.447964 
22.933333 	 1.449720 
22.950000 	 1.451476 
22.966667 	 1.453233 
22.983333 	 1.454991 
23.000000 	 1.456750 
23.016667 	 1.458510 
23.033333 	 1.460271 
23.050000 	 1.462033 
23.066667 	 1.463795 
23.083333 	 1.465558 
23.100000 	 1.467322 
23.116667 	 1.469087 
23.133333 	 1.470853 
23.150000 	 1.472620 
23.166667 	 1.474387 
23.183333 	 1.476156 
23.200000 	 1.477925 
23.216667 	 1.479695 
23.233333 	 1.481466 
23.250000 	 1.483237 
23.266667 	 1.485010 
23.283333 	 1.486783 
23.300000 	 1.488558 
23.316667 	 1.490333 
23.333333 	 1.492109 
23.350000 	 1.493886 
23.366667 	 1.495663 
23.383333 	 1.497442 
23.400000 	 1.499221 
23.416667 	 1.501001 
23.433333 	 1.502782 
23.450000 	 1.504564 
23.466667 	 1.506347 
23.483333 	 1.508130 
23.500000 	 1.509915 
23.516667 	 1.511700 
23.533333 	 1.513486 
23.550000 	 1.515273 
23.566667 	 1.517061 
23.583333 	 1.518850 
23.600000 	 1.520639 
23.616667 	 1.522429 
23.633333 	 1.524221 
23.650000 	 1.526013 
23.666667 	 1.527805 
23.683333 	 1.529599 
23.700000 	 1.531394 
23.716667 	 1.533189 
23.733333 	 1.534985 
23.750000 	 1.536782 
23.766667 	 1.538580 
23.783333 	 1.540379 
23.800000 	 1.542178 
23.816667 	 1.543979 
23.833333 	 1.545780 
23.850000 	 1.547582 
23.866667 	 1.549385 
23.883333 	 1.551189 
23.900000 	 1.552993 
23.916667 	 1.554799 
23.933333 	 1.556605 
23.950000 	 1.558412 
23.966667 	 1.560220 
23.983333 	 1.562029 
24.000000 	 1.563839 
24.016667 	 1.565650 
24.033333 	 1.567461 
24.050000 	 1.569273 
24.066667 	 1.571085 
24.083333 	 1.572897 
24.100000 	 1.574711 
24.116667 	 1.576524 
24.133333 	 1.578338 
24.150000 	 1.580152 
24.166667 	 1.581966 
24.183333 	 1.583780 
24.200000 	 1.585595 
24.216667 	 1.587410 
24.233333 	 1.589224 
24.250000 	 1.591038 
24.266667 	 1.592852 
24.283333 	 1.594665 
24.300000 	 1.596477 
24.316667 	 1.598288 
24.333333 	 1.600097 
24.350000 	 1.601904 
24.366667 	 1.603709 
24.383333 	 1.605511 
24.400000 	 1.607310 
24.416667 	 1.609105 
24.433333 	 1.610895 
24.450000 	 1.612679 
24.466667 	 1.614457 
24.483333 	 1.616228 
24.500000 	 1.617991 
24.516667 	 1.619744 
24.533333 	 1.621486 
24.550000 	 1.623216 
24.566667 	 1.624933 
24.583333 	 1.626635 
24.600000 	 1.628321 
24.616667 	 1.629988 
24.633333 	 1.631635 
24.650000 	 1.633260 
24.666667 	 1.634861 
24.683333 	 1.636436 
24.700000 	 1.637983 
24.716667 	 1.639499 
24.733333 	 1.640982 
24.750000 	 1.642431 
24.766667 	 1.643842 
24.783333 	 1.645213 
24.800000 	 1.646543 
24.816667 	 1.647828 
24.833333 	 1.649068 
24.850000 	 1.650260 
24.866667 	 1.651403 
24.883333 	 1.652494 
24.900000 	 1.653532 
24.916667 	 1.654517 
24.933333 	 1.655447 
24.950000 	 1.656321 
24.966667 	 1.657138 
24.983333 	 1.657900 
25.000000 	 1.658604 
25.016667 	 1.659253 
25.033333 	 1.659846 
25.050000 	 1.660384 
25.066667 	 1.660868 
25.083333 	 1.661300 
25.100000 	 1.661681 
25.116667 	 1.662013 
25.133333 	 1.662298 
25.150000 	 1.662538 
25.166667 	 1.662735 
25.183333 	 1.662891 
25.200000 	 1.663009 
25.216667 	 1.663090 
25.233333 	 1.663138 
25.250000 	 1.663154 
25.266667 	 1.663141 
25.283333 	 1.663101 
25.300000 	 1.663037 
25.316667 	 1.662951 
25.333333 	 1.662847 
25.350000 	 1.662729 
25.366667 	 1.662603 
25.383333 	 1.662471 
25.400000 	 1.662339 
25.416667 	 1.662208 
25.433333 	 1.662081 
25.450000 	 1.661957 
25.466667 	 1.661839 
25.483333 	 1.661726 
25.500000 	 1.661618 
25.516667 	 1.661515 
25.533333 	 1.661417 
25.550000 	 1.661324 
25.566667 	 1.661236 
25.583333 	 1.661152 
25.600000 	 1.661073 
25.616667 	 1.660997 
25.633333 	 1.660926 
25.650000 	 1.660858 
25.666667 	 1.660793 
25.683333 	 1.660731 
25.700000 	 1.660673 
25.716667 	 1.660618 
25.733333 	 1.660565 
25.750000 	 1.660515 
25.766667 	 1.660468 
25.783333 	 1.660423 
25.800000 	 1.660381 
25.816667 	 1.660340 
25.833333 	 1.660302 
25.850000 	 1.660266 
25.866667 	 1.660232 
25.883333 	 1.660200 
25.900000 	 1.660169 
25.916667 	 1.660141 
25.933333 	 1.660113 
25.950000 	 1.660088 
25.966667 	 1.660064 
25.983333 	 1.660041 
26.000000 	 1.660020 
26.016667 	 1.660000 
26.033333 	 1.659981 
26.050000 	 1.659964 
26.066667 	 1.659947 
26.083333 	 1.659932 
26.100000 	 1.659918 
26.116667 	 1.659905 
26.133333 	 1.659893 
26.150000 	 1.659882 
26.166667 	 1.659871 
26.183333 	 1.659862 
26.200000 	 1.659854 
26.216667 	 1.659847 
26.233333 	 1.659841 
26.250000 	 1.659835 
26.266667 	 1.659831 
26.283333 	 1.659828 
26.300000 	 1.659825 
26.316667 	 1.659823 
26.333333 	 1.659822 
26.350000 	 1.659822 
26.366667 	 1.659823 
26.383333 	 1.659824 
26.400000 	 1.659826 
26.416667 	 1.659829 
26.433333 	 1.659833 
26.450000 	 1.659837 
26.466667 	 1.659842 
26.483333 	 1.659848 
26.500000 	 1.659854 
26.516667 	 1.659862 
26.533333 	 1.659869 
26.550000 	 1.659877 
26.566667 	 1.659886 
26.583333 	 1.659895 
26.600000 	 1.659904 
26.616667 	 1.659914 
26.633333 	 1.659924 
26.650000 	 1.659933 
26.666667 	 1.659943 
26.683333 	 1.659953 
26.700000 	 1.659962 
26.716667 	 1.659971 
26.733333 	 1.659979 
26.750000 	 1.659987 
26.766667 	 1.659995 
26.783333 	 1.660002 
26.800000 	 1.660009 
26.816667 	 1.660015 
26.833333 	 1.660020 
26.850000 	 1.660025 
26.866667 	 1.660029 
26.883333 	 1.660033 
26.900000 	 1.660036 
26.916667 	 1.660038 
26.933333 	 1.660040 
26.950000 	 1.660042 
26.966667 	 1.660043 
26.983333 	 1.660043 
27.000000 	 1.660043 
27.016667 	 1.660043 
27.033333 	 1.660042 
27.050000 	 1.660041 
27.066667 	 1.660040 
27.083333 	 1.660038 
27.100000 	 1.660037 
27.116667 	 1.660035 
27.133333 	 1.660033 
27.150000 	 1.660031 
27.166667 	 1.660028 
27.183333 	 1.660026 
27.200000 	 1.660024 
27.216667 	 1.660022 
27.233333 	 1.660020 
27.250000 	 1.660018 
27.266667 	 1.660016 
27.283333 	 1.660014 
27.300000 	 1.660013 
27.316667 	 1.660012 
27.333333 	 1.660010 
27.350000 	 1.660009 
27.366667 	 1.660008 
27.383333 	 1.660008 
27.400000 	 1.660007 
27.416667 	 1.660006 
27.433333 	 1.660006 
27.450000 	 1.660006 
27.466667 	 1.660006 
27.483333 	 1.660006 
27.500000 	 1.660006 
27.516667 	 1.660006 
27.533333 	 1.660006 
27.550000 	 1.660007 
27.566667 	 1.660007 
27.583333 	 1.660007 
27.600000 	 1.660008 
27.616667 	 1.660008 
27.633333 	 1.660009 
27.650000 	 1.660009 
27.666667 	 1.660009 
27.683333 	 1.660010 
27.700000 	 1.660010 
27.716667 	 1.660010 
27.733333 	 1.660010 
27.750000 	 1.660010 
27.766667 	 1.660010 
27.783333 	 1.660009 
27.800000 	 1.660009 
27.816667 	 1.660009 
27.833333 	 1.660008 
27.850000 	 1.660008 
27.866667 	 1.660007 
27.883333 	 1.660007 
27.900000 	 1.660006 
27.916667 	 1.660005 
27.933333 	 1.660005 
27.950000 	 1.660004 
27.966667 	 1.660004 
27.983333 	 1.660003 
28.000000 	 1.660003 
28.016667 	 1.660002 
28.033333 	 1.660002 
28.050000 	 1.660002 
28.066667 	 1.660001 
28.083333 	 1.660001 
28.100000 	 1.660001 
28.116667 	 1.660001 
28.133333 	 1.660001 
28.150000 	 1.660001 
28.166667 	 1.660001 
28.183333 	 1.660001 
28.200000 	 1.660001 
28.216667 	 1.660002 
28.233333 	 1.660002 
28.250000 	 1.660002 
28.266667 	 1.660003 
28.283333 	 1.660003 
28.300000 	 1.660003 
28.316667 	 1.660004 
28.333333 	 1.660004 
28.350000 	 1.660004 
28.366667 	 1.660005 
28.383333 	 1.660005 
28.400000 	 1.660005 
28.416667 	 1.660005 
28.433333 	 1.660006 
28.450000 	 1.660006 
28.466667 	 1.660006 
28.483333 	 1.660006 
28.500000 	 1.660006 
28.516667 	 1.660006 
28.533333 	 1.660006 
28.550000 	 1.660006 
28.566667 	 1.660006 
28.583333 	 1.660006 
28.600000 	 1.660006 
28.616667 	 1.660006 
28.633333 	 1.660006 
28.650000 	 1.660006 
28.666667 	 1.660006 
28.683333 	 1.660005 
28.700000 	 1.660005 
28.716667 	 1.660005 
28.733333 	 1.660005 
28.750000 	 1.660005 
28.766667 	 1.660005 
28.783333 	 1.660005 
28.800000 	 1.660005 
28.816667 	 1.660005 
28.833333 	 1.660005 
28.850000 	 1.660005 
28.866667 	 1.660005 
28.883333 	 1.660005 
28.900000 	 1.660005 
28.916667 	 1.660005 
28.933333 	 1.660005 
28.950000 	 1.660005 
28.966667 	 1.660005 
28.983333 	 1.660005 
29.000000 	 1.660005 
29.016667 	 1.660005 
29.033333 	 1.660005 
29.050000 	 1.660005 
29.066667 	 1.660006 
29.083333 	 1.660006 
29.100000 	 1.660006 
29.116667 	 1.660006 
29.133333 	 1.660006 
29.150000 	 1.660006 
29.166667 	 1.660006 
29.183333 	 1.660006 
29.200000 	 1.660006 
29.216667 	 1.660006 
29.233333 	 1.660006 
29.250000 	 1.660006 
29.266667 	 1.660006 
29.283333 	 1.660006 
29.300000 	 1.660006 
29.316667 	 1.660006 
29.333333 	 1.660005 
29.350000 	 1.660005 
29.366667 	 1.660005 
29.383333 	 1.660005 
29.400000 	 1.660005 
29.416667 	 1.660005 
29.433333 	 1.660005 
29.450000 	 1.660005 
29.466667 	 1.660005 
29.483333 	 1.660005 
29.500000 	 1.660005 
29.516667 	 1.660005 
29.533333 	 1.660005 
29.550000 	 1.660005 
29.566667 	 1.660005 
29.583333 	 1.660005 
29.600000 	 1.660005 
29.616667 	 1.660005 
29.633333 	 1.660005 
29.650000 	 1.660005 
29.666667 	 1.660005 
29.683333 	 1.660005 
29.700000 	 1.660005 
29.716667 	 1.660005 
29.733333 	 1.660005 
29.750000 	 1.660005 
29.766667 	 1.660005 
29.783333 	 1.660005 
29.800000 	 1.660005 
29.816667 	 1.660005 
29.833333 	 1.660005 
29.850000 	 1.660005 
29.866667 	 1.660005 
29.883333 	 1.660005 
29.900000 	 1.660005 
29.916667 	 1.660005 
29.933333 	 1.660005 
29.950000 	 1.660005 
29.966667 	 1.660005 
29.983333 	 1.660005 
30.000000 	 1.659201 
30.016667 	 1.657522 
30.033333 	 1.655781 
30.050000 	 1.654000 
30.066667 	 1.652195 
30.083333 	 1.650376 
30.100000 	 1.648549 
30.116667 	 1.646718 
30.133333 	 1.644884 
30.150000 	 1.643049 
30.166667 	 1.641214 
30.183333 	 1.639380 
30.200000 	 1.637547 
30.216667 	 1.635716 
30.233333 	 1.633886 
30.250000 	 1.632057 
30.266667 	 1.630230 
30.283333 	 1.628404 
30.300000 	 1.626580 
30.316667 	 1.624758 
30.333333 	 1.622937 
30.350000 	 1.621118 
30.366667 	 1.619301 
30.383333 	 1.617485 
30.400000 	 1.615671 
30.416667 	 1.613858 
30.433333 	 1.612047 
30.450000 	 1.610238 
30.466667 	 1.608430 
30.483333 	 1.606624 
30.500000 	 1.604820 
30.516667 	 1.603017 
30.533333 	 1.601216 
30.550000 	 1.599417 
30.566667 	 1.597619 
30.583333 	 1.595823 
30.600000 	 1.594028 
30.616667 	 1.592235 
30.633333 	 1.590444 
30.650000 	 1.588654 
30.666667 	 1.586866 
30.683333 	 1.585080 
30.700000 	 1.583295 
30.716667 	 1.581512 
30.733333 	 1.579731 
30.750000 	 1.577951 
30.766667 	 1.576173 
30.783333 	 1.574396 
30.800000 	 1.572621 
30.816667 	 1.570848 
30.833333 	 1.569076 
30.850000 	 1.567306 
30.866667 	 1.565538 
30.883333 	 1.563771 
30.900000 	 1.562006 
30.916667 	 1.560242 
30.933333 	 1.558480 
30.950000 	 1.556720 
30.966667 	 1.554961 
30.983333 	 1.553204 
31.000000 	 1.551449 
31.016667 	 1.549695 
31.033333 	 1.547942 
31.050000 	 1.546192 
31.066667 	 1.544443 
31.083333 	 1.542696 
31.100000 	 1.540950 
31.116667 	 1.539206 
31.133333 	 1.537463 
31.150000 	 1.535722 
31.166667 	 1.533983 
31.183333 	 1.532245 
31.200000 	 1.530509 
31.216667 	 1.528775 
31.233333 	 1.527042 
31.250000 	 1.525311 
31.266667 	 1.523581 
31.283333 	 1.521853 
31.300000 	 1.520127 
31.316667 	 1.518402 
31.333333 	 1.516679 
31.350000 	 1.514957 
31.366667 	 1.513237 
31.383333 	 1.511519 
31.400000 	 1.509802 
31.416667 	 1.508087 
31.433333 	 1.506373 
31.450000 	 1.504661 
31.466667 	 1.502951 
31.483333 	 1.501242 
31.500000 	 1.499535 
31.516667 	 1.497830 
31.533333 	 1.496126 
31.550000 	 1.494423 
31.566667 	 1.492723 
31.583333 	 1.491024 
31.600000 	 1.489326 
31.616667 	 1.487630 
31.633333 	 1.485936 
31.650000 	 1.484243 
31.666667 	 1.482552 
31.683333 	 1.480862 
31.700000 	 1.479174 
31.716667 	 1.477488 
31.733333 	 1.475803 
31.750000 	 1.474120 
31.766667 	 1.472439 
31.783333 	 1.470759 
31.800000 	 1.469080 
31.816667 	 1.467403 
31.833333 	 1.465728 
31.850000 	 1.464054 
31.866667 	 1.462382 
31.883333 	 1.460712 
31.900000 	 1.459043 
31.916667 	 1.457376 
31.933333 	 1.455710 
31.950000 	 1.454046 
31.966667 	 1.452383 
31.983333 	 1.450722 
32.000000 	 1.449063 
32.016667 	 1.447405 
32.033333 	 1.445749 
32.050000 	 1.444094 
32.066667 	 1.442441 
32.083333 	 1.440790 
32.100000 	 1.439140 
32.116667 	 1.437492 
32.133333 	 1.435845 
32.150000 	 1.434200 
32.166667 	 1.432556 
32.183333 	 1.430914 
32.200000 	 1.429274 
32.216667 	 1.427635 
32.233333 	 1.425998 
32.250000 	 1.424362 
32.266667 	 1.422728 
32.283333 	 1.421095 
32.300000 	 1.419464 
32.316667 	 1.417835 
32.333333 	 1.416207 
32.350000 	 1.414581 
32.366667 	 1.412956 
32.383333 	 1.411333 
32.400000 	 1.409711 
32.416667 	 1.408091 
32.433333 	 1.406473 
32.450000 	 1.404856 
32.466667 	 1.403240 
32.483333 	 1.401626 
32.500000 	 1.400014 
32.516667 	 1.398404 
32.533333 	 1.396794 
32.550000 	 1.395187 
32.566667 	 1.393581 
32.583333 	 1.391977 
32.600000 	 1.390374 
32.616667 	 1.388772 
32.633333 	 1.387173 
32.650000 	 1.385574 
32.666667 	 1.383978 
32.683333 	 1.382383 
32.700000 	 1.380789 
32.716667 	 1.379197 
32.733333 	 1.377607 
32.750000 	 1.376018 
32.766667 	 1.374430 
32.783333 	 1.372845 
32.800000 	 1.371260 
32.816667 	 1.369678 
32.833333 	 1.368097 
32.850000 	 1.366517 
32.866667 	 1.364939 
32.883333 	 1.363363 
32.900000 	 1.361788 
32.916667 	 1.360214 
32.933333 	 1.358642 
32.950000 	 1.357072 
32.966667 	 1.355503 
32.983333 	 1.353936 
33.000000 	 1.352370 
33.016667 	 1.350806 
33.033333 	 1.349243 
33.050000 	 1.347682 
33.066667 	 1.346123 
33.083333 	 1.344565 
33.100000 	 1.343008 
33.116667 	 1.341453 
33.133333 	 1.339900 
33.150000 	 1.338348 
33.166667 	 1.336798 
33.183333 	 1.335249 
33.200000 	 1.333702 
33.216667 	 1.332156 
33.233333 	 1.330612 
33.250000 	 1.329069 
33.266667 	 1.327528 
33.283333 	 1.325988 
33.300000 	 1.324450 
33.316667 	 1.322914 
33.333333 	 1.321378 
33.350000 	 1.319845 
33.366667 	 1.318313 
33.383333 	 1.316782 
33.400000 	 1.315253 
33.416667 	 1.313726 
33.433333 	 1.312200 
33.450000 	 1.310676 
33.466667 	 1.309153 
33.483333 	 1.307632 
33.500000 	 1.306112 
33.516667 	 1.304593 
33.533333 	 1.303077 
33.550000 	 1.301561 
33.566667 	 1.300048 
33.583333 	 1.298535 
33.600000 	 1.297025 
33.616667 	 1.295515 
33.633333 	 1.294008 
33.650000 	 1.292501 
33.666667 	 1.290997 
33.683333 	 1.289493 
33.700000 	 1.287992 
33.716667 	 1.286492 
33.733333 	 1.284993 
33.750000 	 1.283496 
33.766667 	 1.282000 
33.783333 	 1.280506 
33.800000 	 1.279013 
33.816667 	 1.277522 
33.833333 	 1.276033 
33.850000 	 1.274544 
33.866667 	 1.273058 
33.883333 	 1.271573 
33.900000 	 1.270089 
33.916667 	 1.268607 
33.933333 	 1.267126 
33.950000 	 1.265647 
33.966667 	 1.264169 
33.983333 	 1.262693 
34.000000 	 1.261219 
34.016667 	 1.259745 
34.033333 	 1.258274 
34.050000 	 1.256804 
34.066667 	 1.255335 
34.083333 	 1.253868 
34.100000 	 1.252402 
34.116667 	 1.250938 
34.133333 	 1.249475 
34.150000 	 1.248014 
34.166667 	 1.246554 
34.183333 	 1.245096 
34.200000 	 1.243639 
34.216667 	 1.242184 
34.233333 	 1.240730 
34.250000 	 1.239278 
34.266667 	 1.237827 
34.283333 	 1.236377 
34.300000 	 1.234930 
34.316667 	 1.233483 
34.333333 	 1.232038 
34.350000 	 1.230595 
34.366667 	 1.229153 
34.383333 	 1.227712 
34.400000 	 1.226273 
34.416667 	 1.224836 
34.433333 	 1.223400 
34.450000 	 1.221965 
34.466667 	 1.220532 
34.483333 	 1.219100 
34.500000 	 1.217670 
34.516667 	 1.216242 
34.533333 	 1.214814 
34.550000 	 1.213389 
34.566667 	 1.211964 
34.583333 	 1.210541 
34.600000 	 1.209120 
34.616667 	 1.207700 
34.633333 	 1.206282 
34.650000 	 1.204865 
34.666667 	 1.203449 
34.683333 	 1.202035 
34.700000 	 1.200623 
34.716667 	 1.199211 
34.733333 	 1.197802 
34.750000 	 1.196394 
34.766667 	 1.194987 
34.783333 	 1.193582 
34.800000 	 1.192178 
34.816667 	 1.190775 
34.833333 	 1.189374 
34.850000 	 1.187975 
34.866667 	 1.186577 
34.883333 	 1.185180 
34.900000 	 1.183785 
34.916667 	 1.182392 
34.933333 	 1.180999 
34.950000 	 1.179609 
34.966667 	 1.178219 
34.983333 	 1.176831 
35.000000 	 1.175445 
35.016667 	 1.174060 
35.033333 	 1.172677 
35.050000 	 1.171294 
35.066667 	 1.169914 
35.083333 	 1.168535 
35.100000 	 1.167157 
35.116667 	 1.165781 
35.133333 	 1.164406 
35.150000 	 1.163032 
35.166667 	 1.161660 
35.183333 	 1.160290 
35.200000 	 1.158921 
35.216667 	 1.157553 
35.233333 	 1.156187 
35.250000 	 1.154822 
35.266667 	 1.153458 
35.283333 	 1.152096 
35.300000 	 1.150736 
35.316667 	 1.149377 
35.333333 	 1.148019 
35.350000 	 1.146663 
35.366667 	 1.145308 
35.383333 	 1.143955 
35.400000 	 1.142603 
35.416667 	 1.141252 
35.433333 	 1.139903 
35.450000 	 1.138556 
35.466667 	 1.137209 
35.483333 	 1.135864 
35.500000 	 1.134521 
35.516667 	 1.133179 
35.533333 	 1.131838 
35.550000 	 1.130499 
35.566667 	 1.129162 
35.583333 	 1.127825 
35.600000 	 1.126490 
35.616667 	 1.125157 
35.633333 	 1.123825 
35.650000 	 1.122494 
35.666667 	 1.121165 
35.683333 	 1.119837 
35.700000 	 1.118511 
35.716667 	 1.117186 
35.733333 	 1.115862 
35.750000 	 1.114540 
35.766667 	 1.113219 
35.783333 	 1.111900 
35.800000 	 1.110582 
35.816667 	 1.109265 
35.833333 	 1.107950 
35.850000 	 1.106636 
35.866667 	 1.105324 
35.883333 	 1.104013 
35.900000 	 1.102703 
35.916667 	 1.101395 
35.933333 	 1.100088 
35.950000 	 1.098783 
35.966667 	 1.097479 
35.983333 	 1.096176 
36.000000 	 1.094875 
36.016667 	 1.093576 
36.033333 	 1.092277 
36.050000 	 1.090980 
36.066667 	 1.089685 
36.083333 	 1.088390 
36.100000 	 1.087098 
36.116667 	 1.085806 
36.133333 	 1.084516 
36.150000 	 1.083227 
36.166667 	 1.081940 
36.183333 	 1.080654 
36.200000 	 1.079370 
36.216667 	 1.078087 
36.233333 	 1.076805 
36.250000 	 1.075525 
36.266667 	 1.074246 
36.283333 	 1.072968 
36.300000 	 1.071692 
36.316667 	 1.070417 
36.333333 	 1.069144 
36.350000 	 1.067871 
36.366667 	 1.066601 
36.383333 	 1.065331 
36.400000 	 1.064064 
36.416667 	 1.062797 
36.433333 	 1.061532 
36.450000 	 1.060268 
36.466667 	 1.059005 
36.483333 	 1.057744 
36.500000 	 1.056485 
36.516667 	 1.055226 
36.533333 	 1.053969 
36.550000 	 1.052714 
36.566667 	 1.051459 
36.583333 	 1.050207 
36.600000 	 1.048955 
36.616667 	 1.047705 
36.633333 	 1.046456 
36.650000 	 1.045209 
36.666667 	 1.043962 
36.683333 	 1.042718 
36.700000 	 1.041474 
36.716667 	 1.040232 
36.733333 	 1.038992 
36.750000 	 1.037752 
36.766667 	 1.036515 
36.783333 	 1.035278 
36.800000 	 1.034043 
36.816667 	 1.032809 
36.833333 	 1.031576 
36.850000 	 1.030345 
36.866667 	 1.029115 
36.883333 	 1.027887 
36.900000 	 1.026660 
36.916667 	 1.025434 
36.933333 	 1.024209 
36.950000 	 1.022986 
36.966667 	 1.021765 
36.983333 	 1.020544 
37.000000 	 1.019325 
37.016667 	 1.018107 
37.033333 	 1.016891 
37.050000 	 1.015676 
37.066667 	 1.014462 
37.083333 	 1.013250 
37.100000 	 1.012039 
37.116667 	 1.010829 
37.133333 	 1.009621 
37.150000 	 1.008414 
37.166667 	 1.007208 
37.183333 	 1.006003 
37.200000 	 1.004800 
37.216667 	 1.003599 
37.233333 	 1.002398 
37.250000 	 1.001199 
37.266667 	 1.000002 
37.283333 	 0.998805 
37.300000 	 0.997610 
37.316667 	 0.996416 
37.333333 	 0.995224 
37.350000 	 0.994033 
37.366667 	 0.992843 
37.383333 	 0.991654 
37.400000 	 0.990467 
37.416667 	 0.989281 
37.433333 	 0.988097 
37.450000 	 0.986914 
37.466667 	 0.985732 
37.483333 	 0.984551 
37.500000 	 0.983372 
37.516667 	 0.982194 
37.533333 	 0.981018 
37.550000 	 0.979842 
37.566667 	 0.978668 
37.583333 	 0.977495 
37.600000 	 0.976324 
37.616667 	 0.975154 
37.633333 	 0.973985 
37.650000 	 0.972818 
37.666667 	 0.971652 
37.683333 	 0.970487 
37.700000 	 0.969323 
37.716667 	 0.968161 
37.733333 	 0.967000 
37.750000 	 0.965840 
37.766667 	 0.964682 
37.783333 	 0.963525 
37.800000 	 0.962369 
37.816667 	 0.961215 
37.833333 	 0.960062 
37.850000 	 0.958910 
37.866667 	 0.957759 
37.883333 	 0.956610 
37.900000 	 0.955462 
37.916667 	 0.954315 
37.933333 	 0.953170 
37.950000 	 0.952026 
37.966667 	 0.950883 
37.983333 	 0.949741 
38.000000 	 0.948601 
38.016667 	 0.947462 
38.033333 	 0.946324 
38.050000 	 0.945188 
38.066667 	 0.944053 
38.083333 	 0.942919 
38.100000 	 0.941786 
38.116667 	 0.940655 
38.133333 	 0.939525 
38.150000 	 0.938396 
38.166667 	 0.937269 
38.183333 	 0.936143 
38.200000 	 0.935018 
38.216667 	 0.933894 
38.233333 	 0.932772 
38.250000 	 0.931651 
38.266667 	 0.930531 
38.283333 	 0.929412 
38.300000 	 0.928295 
38.316667 	 0.927179 
38.333333 	 0.926064 
38.350000 	 0.924951 
38.366667 	 0.923838 
38.383333 	 0.922728 
38.400000 	 0.921618 
38.416667 	 0.920509 
38.433333 	 0.919402 
38.450000 	 0.918296 
38.466667 	 0.917192 
38.483333 	 0.916088 
38.500000 	 0.914986 
38.516667 	 0.913885 
38.533333 	 0.912786 
38.550000 	 0.911687 
38.566667 	 0.910590 
38.583333 	 0.909494 
38.600000 	 0.908400 
38.616667 	 0.907306 
38.633333 	 0.906214 
38.650000 	 0.905123 
38.666667 	 0.904034 
38.683333 	 0.902945 
38.700000 	 0.901858 
38.716667 	 0.900772 
38.733333 	 0.899688 
38.750000 	 0.898604 
38.766667 	 0.897522 
38.783333 	 0.896441 
38.800000 	 0.895362 
38.816667 	 0.894283 
38.833333 	 0.893206 
38.850000 	 0.892130 
38.866667 	 0.891055 
38.883333 	 0.889982 
38.900000 	 0.888910 
38.916667 	 0.887839 
38.933333 	 0.886769 
38.950000 	 0.885700 
38.966667 	 0.884633 
38.983333 	 0.883567 
39.000000 	 0.882502 
39.016667 	 0.881439 
39.033333 	 0.880376 
39.050000 	 0.879315 
39.066667 	 0.878255 
39.083333 	 0.877196 
39.100000 	 0.876139 
39.116667 	 0.875083 
39.133333 	 0.874027 
39.150000 	 0.872974 
39.166667 	 0.871921 
39.183333 	 0.870870 
39.200000 	 0.869819 
39.216667 	 0.868770 
39.233333 	 0.867723 
39.250000 	 0.866676 
39.266667 	 0.865631 
39.283333 	 0.864587 
39.300000 	 0.863544 
39.316667 	 0.862502 
39.333333 	 0.861462 
39.350000 	 0.860422 
39.366667 	 0.859384 
39.383333 	 0.858347 
39.400000 	 0.857312 
39.416667 	 0.856277 
39.433333 	 0.855244 
39.450000 	 0.854212 
39.466667 	 0.853181 
39.483333 	 0.852151 
39.500000 	 0.851123 
39.516667 	 0.850096 
39.533333 	 0.849070 
39.550000 	 0.848045 
39.566667 	 0.847021 
39.583333 	 0.845999 
39.600000 	 0.844977 
39.616667 	 0.843957 
39.633333 	 0.842938 
39.650000 	 0.841921 
39.666667 	 0.840904 
39.683333 	 0.839889 
39.700000 	 0.838875 
39.716667 	 0.837862 
39.733333 	 0.836850 
39.750000 	 0.835839 
39.766667 	 0.834830 
39.783333 	 0.833822 
39.800000 	 0.832815 
39.816667 	 0.831809 
39.833333 	 0.830804 
39.850000 	 0.829801 
39.866667 	 0.828798 
39.883333 	 0.827797 
39.900000 	 0.826797 
39.916667 	 0.825798 
39.933333 	 0.824801 
39.950000 	 0.823804 
39.966667 	 0.822809 
39.983333 	 0.821815 
40.000000 	 0.820822 
40.016667 	 0.819830 
40.033333 	 0.818840 
40.050000 	 0.817850 
40.066667 	 0.816862 
40.083333 	 0.815875 
40.100000 	 0.814889 
40.116667 	 0.813904 
40.133333 	 0.812921 
40.150000 	 0.811938 
40.166667 	 0.810957 
40.183333 	 0.809977 
40.200000 	 0.808998 
40.216667 	 0.808020 
40.233333 	 0.807043 
40.250000 	 0.806068 
40.266667 	 0.805093 
40.283333 	 0.804120 
40.300000 	 0.803148 
40.316667 	 0.802177 
40.333333 	 0.801208 
40.350000 	 0.800239 
40.366667 	 0.799272 
40.383333 	 0.798305 
40.400000 	 0.797340 
40.416667 	 0.796376 
40.433333 	 0.795413 
40.450000 	 0.794452 
40.466667 	 0.793491 
40.483333 	 0.792532 
40.500000 	 0.791573 
40.516667 	 0.790616 
40.533333 	 0.789660 
40.550000 	 0.788705 
40.566667 	 0.787751 
40.583333 	 0.786799 
40.600000 	 0.785847 
40.616667 	 0.784897 
40.633333 	 0.783948 
40.650000 	 0.783000 
40.666667 	 0.782053 
40.683333 	 0.781107 
40.700000 	 0.780162 
40.716667 	 0.779219 
40.733333 	 0.778276 
40.750000 	 0.777335 
40.766667 	 0.776395 
40.783333 	 0.775456 
40.800000 	 0.774518 
40.816667 	 0.773581 
40.833333 	 0.772645 
40.850000 	 0.771711 
40.866667 	 0.770777 
40.883333 	 0.769845 
40.900000 	 0.768914 
40.916667 	 0.767983 
40.933333 	 0.767054 
40.950000 	 0.766127 
40.966667 	 0.765200 
40.983333 	 0.764274 
41.000000 	 0.763350 
41.016667 	 0.762426 
41.033333 	 0.761504 
41.050000 	 0.760583 
41.066667 	 0.759662 
41.083333 	 0.758743 
41.100000 	 0.757825 
41.116667 	 0.756909 
41.133333 	 0.755993 
41.150000 	 0.755078 
41.166667 	 0.754165 
41.183333 	 0.753252 
41.200000 	 0.752341 
41.216667 	 0.751431 
41.233333 	 0.750522 
41.250000 	 0.749614 
41.266667 	 0.748707 
41.283333 	 0.747801 
41.300000 	 0.746896 
41.316667 	 0.745993 
41.333333 	 0.745090 
41.350000 	 0.744189 
41.366667 	 0.743288 
41.383333 	 0.742389 
41.400000 	 0.741491 
41.416667 	 0.740594 
41.433333 	 0.739698 
41.450000 	 0.738803 
41.466667 	 0.737909 
41.483333 	 0.737016 
41.500000 	 0.736124 
41.516667 	 0.735234 
41.533333 	 0.734344 
41.550000 	 0.733456 
41.566667 	 0.732568 
41.583333 	 0.731682 
41.600000 	 0.730797 
41.616667 	 0.729913 
41.633333 	 0.729029 
41.650000 	 0.728147 
41.666667 	 0.727266 
41.683333 	 0.726387 
41.700000 	 0.725508 
41.716667 	 0.724630 
41.733333 	 0.723753 
41.750000 	 0.722878 
41.766667 	 0.722003 
41.783333 	 0.721130 
41.800000 	 0.720257 
41.816667 	 0.719386 
41.833333 	 0.718516 
41.850000 	 0.717646 
41.866667 	 0.716778 
41.883333 	 0.715911 
41.900000 	 0.715045 
41.916667 	 0.714180 
41.933333 	 0.713316 
41.950000 	 0.712453 
41.966667 	 0.711591 
41.983333 	 0.710730 
42.000000 	 0.709871 
42.016667 	 0.709012 
42.033333 	 0.708154 
42.050000 	 0.707298 
42.066667 	 0.706442 
42.083333 	 0.705588 
42.100000 	 0.704734 
42.116667 	 0.703882 
42.133333 	 0.703030 
42.150000 	 0.702180 
42.166667 	 0.701331 
42.183333 	 0.700482 
42.200000 	 0.699635 
42.216667 	 0.698789 
42.233333 	 0.697944 
42.250000 	 0.697100 
42.266667 	 0.696257 
42.283333 	 0.695415 
42.300000 	 0.694574 
42.316667 	 0.693734 
42.333333 	 0.692895 
42.350000 	 0.692057 
42.366667 	 0.691220 
42.383333 	 0.690384 
42.400000 	 0.689549 
42.416667 	 0.688715 
42.433333 	 0.687883 
42.450000 	 0.687051 
42.466667 	 0.686220 
42.483333 	 0.685390 
42.500000 	 0.684562 
42.516667 	 0.683734 
42.533333 	 0.682907 
42.550000 	 0.682082 
42.566667 	 0.681257 
42.583333 	 0.680434 
42.600000 	 0.679611 
42.616667 	 0.678789 
42.633333 	 0.677969 
42.650000 	 0.677149 
42.666667 	 0.676331 
42.683333 	 0.675513 
42.700000 	 0.674697 
42.716667 	 0.673881 
42.733333 	 0.673067 
42.750000 	 0.672253 
42.766667 	 0.671441 
42.783333 	 0.670629 
42.800000 	 0.669819 
42.816667 	 0.669009 
42.833333 	 0.668201 
42.850000 	 0.667393 
42.866667 	 0.666587 
42.883333 	 0.665781 
42.900000 	 0.664977 
42.916667 	 0.664173 
42.933333 	 0.663371 
42.950000 	 0.662569 
42.966667 	 0.661769 
42.983333 	 0.660969 
43.000000 	 0.660171 
43.016667 	 0.659373 
43.033333 	 0.658577 
43.050000 	 0.657781 
43.066667 	 0.656987 
43.083333 	 0.656193 
43.100000 	 0.655400 
43.116667 	 0.654609 
43.133333 	 0.653818 
43.150000 	 0.653028 
43.166667 	 0.652240 
43.183333 	 0.651452 
43.200000 	 0.650665 
43.216667 	 0.649880 
43.233333 	 0.649095 
43.250000 	 0.648311 
43.266667 	 0.647528 
43.283333 	 0.646746 
43.300000 	 0.645966 
43.316667 	 0.645186 
43.333333 	 0.644407 
43.350000 	 0.643629 
43.366667 	 0.642852 
43.383333 	 0.642076 
43.400000 	 0.641301 
43.416667 	 0.640527 
43.433333 	 0.639754 
43.450000 	 0.638982 
43.466667 	 0.638210 
43.483333 	 0.637440 
43.500000 	 0.636671 
43.516667 	 0.635903 
43.533333 	 0.635135 
43.550000 	 0.634369 
43.566667 	 0.633603 
43.583333 	 0.632839 
43.600000 	 0.632076 
43.616667 	 0.631313 
43.633333 	 0.630551 
43.650000 	 0.629791 
43.666667 	 0.629031 
43.683333 	 0.628272 
43.700000 	 0.627514 
43.716667 	 0.626758 
43.733333 	 0.626002 
43.750000 	 0.625247 
43.766667 	 0.624493 
43.783333 	 0.623740 
43.800000 	 0.622988 
43.816667 	 0.622236 
43.833333 	 0.621486 
43.850000 	 0.620737 
43.866667 	 0.619989 
43.883333 	 0.619241 
43.900000 	 0.618495 
43.916667 	 0.617749 
43.933333 	 0.617005 
43.950000 	 0.616261 
43.966667 	 0.615518 
43.983333 	 0.614776 
44.000000 	 0.614036 
44.016667 	 0.613296 
44.033333 	 0.612557 
44.050000 	 0.611819 
44.066667 	 0.611082 
44.083333 	 0.610345 
44.100000 	 0.609610 
44.116667 	 0.608876 
44.133333 	 0.608142 
44.150000 	 0.607410 
44.166667 	 0.606678 
44.183333 	 0.605947 
44.200000 	 0.605218 
44.216667 	 0.604489 
44.233333 	 0.603761 
44.250000 	 0.603034 
44.266667 	 0.602308 
44.283333 	 0.601583 
44.300000 	 0.600859 
44.316667 	 0.600135 
44.333333 	 0.599413 
44.350000 	 0.598691 
44.366667 	 0.597971 
44.383333 	 0.597251 
44.400000 	 0.596532 
44.416667 	 0.595814 
44.433333 	 0.595097 
44.450000 	 0.594381 
44.466667 	 0.593666 
44.483333 	 0.592952 
44.500000 	 0.592239 
44.516667 	 0.591526 
44.533333 	 0.590815 
44.550000 	 0.590104 
44.566667 	 0.589394 
44.583333 	 0.588686 
44.600000 	 0.587978 
44.616667 	 0.587271 
44.633333 	 0.586564 
44.650000 	 0.585859 
44.666667 	 0.585155 
44.683333 	 0.584451 
44.700000 	 0.583749 
44.716667 	 0.583047 
44.733333 	 0.582346 
44.750000 	 0.581646 
44.766667 	 0.580947 
44.783333 	 0.580249 
44.800000 	 0.579552 
44.816667 	 0.578856 
44.833333 	 0.578160 
44.850000 	 0.577466 
44.866667 	 0.576772 
44.883333 	 0.576079 
44.900000 	 0.575387 
44.916667 	 0.574696 
44.933333 	 0.574006 
44.950000 	 0.573316 
44.966667 	 0.572628 
44.983333 	 0.571940 
45.000000 	 0.571254 
45.016667 	 0.570568 
45.033333 	 0.569883 
45.050000 	 0.569199 
45.066667 	 0.568516 
45.083333 	 0.567833 
45.100000 	 0.567152 
45.116667 	 0.566471 
45.133333 	 0.565792 
45.150000 	 0.565113 
45.166667 	 0.564435 
45.183333 	 0.563758 
45.200000 	 0.563081 
45.216667 	 0.562406 
45.233333 	 0.561731 
45.250000 	 0.561058 
45.266667 	 0.560385 
45.283333 	 0.559713 
45.300000 	 0.559042 
45.316667 	 0.558372 
45.333333 	 0.557702 
45.350000 	 0.557034 
45.366667 	 0.556366 
45.383333 	 0.555699 
45.400000 	 0.555033 
45.416667 	 0.554368 
45.433333 	 0.553704 
45.450000 	 0.553040 
45.466667 	 0.552378 
45.483333 	 0.551716 
45.500000 	 0.551055 
45.516667 	 0.550395 
45.533333 	 0.549736 
45.550000 	 0.549077 
45.566667 	 0.548420 
45.583333 	 0.547763 
45.600000 	 0.547107 
45.616667 	 0.546452 
45.633333 	 0.545798 
45.650000 	 0.545145 
45.666667 	 0.544492 
45.683333 	 0.543841 
45.700000 	 0.543190 
45.716667 	 0.542540 
45.733333 	 0.541891 
45.750000 	 0.541243 
45.766667 	 0.540595 
45.783333 	 0.539948 
45.800000 	 0.539303 
45.816667 	 0.538658 
45.833333 	 0.538013 
45.850000 	 0.537370 
45.866667 	 0.536728 
45.883333 	 0.536086 
45.900000 	 0.535445 
45.916667 	 0.534805 
45.933333 	 0.534166 
45.950000 	 0.533527 
45.966667 	 0.532890 
45.983333 	 0.532253 
46.000000 	 0.531617 
46.016667 	 0.530982 
46.033333 	 0.530348 
46.050000 	 0.529714 
46.066667 	 0.529081 
46.083333 	 0.528450 
46.100000 	 0.527819 
46.116667 	 0.527188 
46.133333 	 0.526559 
46.150000 	 0.525930 
46.166667 	 0.525302 
46.183333 	 0.524675 
46.200000 	 0.524049 
46.216667 	 0.523424 
46.233333 	 0.522799 
46.250000 	 0.522175 
46.266667 	 0.521552 
46.283333 	 0.520930 
46.300000 	 0.520309 
46.316667 	 0.519688 
46.333333 	 0.519069 
46.350000 	 0.518450 
46.366667 	 0.517831 
46.383333 	 0.517214 
46.400000 	 0.516597 
46.416667 	 0.515982 
46.433333 	 0.515367 
46.450000 	 0.514752 
46.466667 	 0.514139 
46.483333 	 0.513526 
46.500000 	 0.512915 
46.516667 	 0.512304 
46.533333 	 0.511693 
46.550000 	 0.511084 
46.566667 	 0.510475 
46.583333 	 0.509867 
46.600000 	 0.509260 
46.616667 	 0.508654 
46.633333 	 0.508048 
46.650000 	 0.507444 
46.666667 	 0.506840 
46.683333 	 0.506236 
46.700000 	 0.505634 
46.716667 	 0.505032 
46.733333 	 0.504432 
46.750000 	 0.503831 
46.766667 	 0.503232 
46.783333 	 0.502634 
46.800000 	 0.502036 
46.816667 	 0.501439 
46.833333 	 0.500843 
46.850000 	 0.500247 
46.866667 	 0.499653 
46.883333 	 0.499059 
46.900000 	 0.498466 
46.916667 	 0.497873 
46.933333 	 0.497282 
46.950000 	 0.496691 
46.966667 	 0.496101 
46.983333 	 0.495511 
47.000000 	 0.494923 
47.016667 	 0.494335 
47.033333 	 0.493748 
47.050000 	 0.493162 
47.066667 	 0.492576 
47.083333 	 0.491992 
47.100000 	 0.491408 
47.116667 	 0.490824 
47.133333 	 0.490242 
47.150000 	 0.489660 
47.166667 	 0.489079 
47.183333 	 0.488499 
47.200000 	 0.487920 
47.216667 	 0.487341 
47.233333 	 0.486763 
47.250000 	 0.486186 
47.266667 	 0.485609 
47.283333 	 0.485034 
47.300000 	 0.484459 
47.316667 	 0.483885 
47.333333 	 0.483311 
47.350000 	 0.482738 
47.366667 	 0.482167 
47.383333 	 0.481595 
47.400000 	 0.481025 
47.416667 	 0.480455 
47.433333 	 0.479886 
47.450000 	 0.479318 
47.466667 	 0.478750 
47.483333 	 0.478184 
47.500000 	 0.477617 
47.516667 	 0.477052 
47.533333 	 0.476488 
47.550000 	 0.475924 
47.566667 	 0.475361 
47.583333 	 0.474798 
47.600000 	 0.474237 
47.616667 	 0.473676 
47.633333 	 0.473116 
47.650000 	 0.472556 
47.666667 	 0.471997 
47.683333 	 0.471439 
47.700000 	 0.470882 
47.716667 	 0.470326 
47.733333 	 0.469770 
47.750000 	 0.469215 
47.766667 	 0.468660 
47.783333 	 0.468107 
47.800000 	 0.467554 
47.816667 	 0.467002 
47.833333 	 0.466450 
47.850000 	 0.465899 
47.866667 	 0.465349 
47.883333 	 0.464800 
47.900000 	 0.464251 
47.916667 	 0.463703 
47.933333 	 0.463156 
47.950000 	 0.462610 
47.966667 	 0.462064 
47.983333 	 0.461519 
48.000000 	 0.460975 
48.016667 	 0.460431 
48.033333 	 0.459888 
48.050000 	 0.459346 
48.066667 	 0.458804 
48.083333 	 0.458264 
48.100000 	 0.457723 
48.116667 	 0.457184 
48.133333 	 0.456645 
48.150000 	 0.456107 
48.166667 	 0.455570 
48.183333 	 0.455034 
48.200000 	 0.454498 
48.216667 	 0.453962 
48.233333 	 0.453428 
48.250000 	 0.452894 
48.266667 	 0.452361 
48.283333 	 0.451829 
48.300000 	 0.451297 
48.316667 	 0.450766 
48.333333 	 0.450236 
48.350000 	 0.449706 
48.366667 	 0.449177 
48.383333 	 0.448649 
48.400000 	 0.448121 
48.416667 	 0.447595 
48.433333 	 0.447068 
48.450000 	 0.446543 
48.466667 	 0.446018 
48.483333 	 0.445494 
48.500000 	 0.444971 
48.516667 	 0.444448 
48.533333 	 0.443926 
48.550000 	 0.443405 
48.566667 	 0.442884 
48.583333 	 0.442364 
48.600000 	 0.441845 
48.616667 	 0.441326 
48.633333 	 0.440808 
48.650000 	 0.440291 
48.666667 	 0.439774 
48.683333 	 0.439258 
48.700000 	 0.438743 
48.716667 	 0.438228 
48.733333 	 0.437714 
48.750000 	 0.437201 
48.766667 	 0.436689 
48.783333 	 0.436177 
48.800000 	 0.435666 
48.816667 	 0.435155 
48.833333 	 0.434645 
48.850000 	 0.434136 
48.866667 	 0.433627 
48.883333 	 0.433120 
48.900000 	 0.432612 
48.916667 	 0.432106 
48.933333 	 0.431600 
48.950000 	 0.431095 
48.966667 	 0.430590 
48.983333 	 0.430086 
49.000000 	 0.429583 
49.016667 	 0.429080 
49.033333 	 0.428578 
49.050000 	 0.428077 
49.066667 	 0.427577 
49.083333 	 0.427077 
49.100000 	 0.426577 
49.116667 	 0.426079 
49.133333 	 0.425581 
49.150000 	 0.425083 
49.166667 	 0.424587 
49.183333 	 0.424091 
49.200000 	 0.423595 
49.216667 	 0.423101 
49.233333 	 0.422607 
49.250000 	 0.422113 
49.266667 	 0.421620 
49.283333 	 0.421128 
49.300000 	 0.420637 
49.316667 	 0.420146 
49.333333 	 0.419656 
49.350000 	 0.419166 
49.366667 	 0.418677 
49.383333 	 0.418189 
49.400000 	 0.417701 
49.416667 	 0.417214 
49.433333 	 0.416728 
49.450000 	 0.416242 
49.466667 	 0.415757 
49.483333 	 0.415273 
49.500000 	 0.414789 
49.516667 	 0.414306 
49.533333 	 0.413823 
49.550000 	 0.413341 
49.566667 	 0.412860 
49.583333 	 0.412379 
49.600000 	 0.411899 
49.616667 	 0.411420 
49.633333 	 0.410941 
49.650000 	 0.410463 
49.666667 	 0.409986 
49.683333 	 0.409509 
49.700000 	 0.409033 
49.716667 	 0.408557 
49.733333 	 0.408082 
49.750000 	 0.407608 
49.766667 	 0.407134 
49.783333 	 0.406661 
49.800000 	 0.406188 
49.816667 	 0.405717 
49.833333 	 0.405245 
49.850000 	 0.404775 
49.866667 	 0.404305 
49.883333 	 0.403835 
49.900000 	 0.403367 
49.916667 	 0.402898 
49.933333 	 0.402431 
49.950000 	 0.401964 
49.966667 	 0.401498 
49.983333 	 0.401032 
50.000000 	 0.400567 
50.016667 	 0.400102 
50.033333 	 0.399638 
50.050000 	 0.399175 
50.066667 	 0.398713 
50.083333 	 0.398251 
50.100000 	 0.397789 
50.116667 	 0.397328 
50.133333 	 0.396868 
50.150000 	 0.396408 
50.166667 	 0.395949 
50.183333 	 0.395491 
50.200000 	 0.395033 
50.216667 	 0.394576 
50.233333 	 0.394120 
50.250000 	 0.393664 
50.266667 	 0.393208 
50.283333 	 0.392753 
50.300000 	 0.392299 
50.316667 	 0.391846 
50.333333 	 0.391393 
50.350000 	 0.390940 
50.366667 	 0.390488 
50.383333 	 0.390037 
50.400000 	 0.389587 
50.416667 	 0.389137 
50.433333 	 0.388687 
50.450000 	 0.388238 
50.466667 	 0.387790 
50.483333 	 0.387342 
50.500000 	 0.386895 
50.516667 	 0.386449 
50.533333 	 0.386003 
50.550000 	 0.385558 
50.566667 	 0.385113 
50.583333 	 0.384669 
50.600000 	 0.384225 
50.616667 	 0.383782 
50.633333 	 0.383340 
50.650000 	 0.382898 
50.666667 	 0.382457 
50.683333 	 0.382016 
50.700000 	 0.381576 
50.716667 	 0.381137 
50.733333 	 0.380698 
50.750000 	 0.380259 
50.766667 	 0.379822 
50.783333 	 0.379385 
50.800000 	 0.378948 
50.816667 	 0.378512 
50.833333 	 0.378077 
50.850000 	 0.377642 
50.866667 	 0.377207 
50.883333 	 0.376774 
50.900000 	 0.376341 
50.916667 	 0.375908 
50.933333 	 0.375476 
50.950000 	 0.375045 
50.966667 	 0.374614 
50.983333 	 0.374183 
51.000000 	 0.373754 
51.016667 	 0.373324 
51.033333 	 0.372896 
51.050000 	 0.372468 
51.066667 	 0.372040 
51.083333 	 0.371613 
51.100000 	 0.371187 
51.116667 	 0.370761 
51.133333 	 0.370336 
51.150000 	 0.369911 
51.166667 	 0.369487 
51.183333 	 0.369064 
51.200000 	 0.368641 
51.216667 	 0.368218 
51.233333 	 0.367796 
51.250000 	 0.367375 
51.266667 	 0.366954 
51.283333 	 0.366534 
51.300000 	 0.366114 
51.316667 	 0.365695 
51.333333 	 0.365277 
51.350000 	 0.364859 
51.366667 	 0.364441 
51.383333 	 0.364025 
51.400000 	 0.363608 
51.416667 	 0.363192 
51.433333 	 0.362777 
51.450000 	 0.362362 
51.466667 	 0.361948 
51.483333 	 0.361535 
51.500000 	 0.361122 
51.516667 	 0.360709 
51.533333 	 0.360297 
51.550000 	 0.359886 
51.566667 	 0.359475 
51.583333 	 0.359064 
51.600000 	 0.358655 
51.616667 	 0.358245 
51.633333 	 0.357837 
51.650000 	 0.357428 
51.666667 	 0.357021 
51.683333 	 0.356614 
51.700000 	 0.356207 
51.716667 	 0.355801 
51.733333 	 0.355396 
51.750000 	 0.354991 
51.766667 	 0.354586 
51.783333 	 0.354182 
51.800000 	 0.353779 
51.816667 	 0.353376 
51.833333 	 0.352974 
51.850000 	 0.352572 
51.866667 	 0.352171 
51.883333 	 0.351770 
51.900000 	 0.351370 
51.916667 	 0.350970 
51.933333 	 0.350571 
51.950000 	 0.350172 
51.966667 	 0.349774 
51.983333 	 0.349377 
52.000000 	 0.348980 
52.016667 	 0.348583 
52.033333 	 0.348187 
52.050000 	 0.347792 
52.066667 	 0.347397 
52.083333 	 0.347003 
52.100000 	 0.346609 
52.116667 	 0.346215 
52.133333 	 0.345822 
52.150000 	 0.345430 
52.166667 	 0.345038 
52.183333 	 0.344647 
52.200000 	 0.344256 
52.216667 	 0.343866 
52.233333 	 0.343476 
52.250000 	 0.343087 
52.266667 	 0.342698 
52.283333 	 0.342310 
52.300000 	 0.341922 
52.316667 	 0.341535 
52.333333 	 0.341148 
52.350000 	 0.340762 
52.366667 	 0.340376 
52.383333 	 0.339991 
52.400000 	 0.339606 
52.416667 	 0.339222 
52.433333 	 0.338839 
52.450000 	 0.338456 
52.466667 	 0.338073 
52.483333 	 0.337691 
52.500000 	 0.337309 
52.516667 	 0.336928 
52.533333 	 0.336547 
52.550000 	 0.336167 
52.566667 	 0.335788 
52.583333 	 0.335408 
52.600000 	 0.335030 
52.616667 	 0.334652 
52.633333 	 0.334274 
52.650000 	 0.333897 
52.666667 	 0.333520 
52.683333 	 0.333144 
52.700000 	 0.332769 
52.716667 	 0.332393 
52.733333 	 0.332019 
52.750000 	 0.331645 
52.766667 	 0.331271 
52.783333 	 0.330898 
52.800000 	 0.330525 
52.816667 	 0.330153 
52.833333 	 0.329781 
52.850000 	 0.329410 
52.866667 	 0.329039 
52.883333 	 0.328669 
52.900000 	 0.328299 
52.916667 	 0.327930 
52.933333 	 0.327561 
52.950000 	 0.327193 
52.966667 	 0.326825 
52.983333 	 0.326458 
53.000000 	 0.326091 
53.016667 	 0.325725 
53.033333 	 0.325359 
53.050000 	 0.324994 
53.066667 	 0.324629 
53.083333 	 0.324264 
53.100000 	 0.323900 
53.116667 	 0.323537 
53.133333 	 0.323174 
53.150000 	 0.322811 
53.166667 	 0.322449 
53.183333 	 0.322088 
53.200000 	 0.321727 
53.216667 	 0.321366 
53.233333 	 0.321006 
53.250000 	 0.320646 
53.266667 	 0.320287 
53.283333 	 0.319928 
53.300000 	 0.319570 
53.316667 	 0.319212 
53.333333 	 0.318855 
53.350000 	 0.318498 
53.366667 	 0.318142 
53.383333 	 0.317786 
53.400000 	 0.317431 
53.416667 	 0.317076 
53.433333 	 0.316721 
53.450000 	 0.316367 
53.466667 	 0.316014 
53.483333 	 0.315661 
53.500000 	 0.315308 
53.516667 	 0.314956 
53.533333 	 0.314604 
53.550000 	 0.314253 
53.566667 	 0.313902 
53.583333 	 0.313552 
53.600000 	 0.313202 
53.616667 	 0.312853 
53.633333 	 0.312504 
53.650000 	 0.312155 
53.666667 	 0.311807 
53.683333 	 0.311460 
53.700000 	 0.311113 
53.716667 	 0.310766 
53.733333 	 0.310420 
53.750000 	 0.310074 
53.766667 	 0.309729 
53.783333 	 0.309384 
53.800000 	 0.309040 
53.816667 	 0.308696 
53.833333 	 0.308352 
53.850000 	 0.308009 
53.866667 	 0.307667 
53.883333 	 0.307325 
53.900000 	 0.306983 
53.916667 	 0.306642 
53.933333 	 0.306301 
53.950000 	 0.305961 
53.966667 	 0.305621 
53.983333 	 0.305282 
54.000000 	 0.304943 
54.016667 	 0.304604 
54.033333 	 0.304266 
54.050000 	 0.303928 
54.066667 	 0.303591 
54.083333 	 0.303255 
54.100000 	 0.302918 
54.116667 	 0.302582 
54.133333 	 0.302247 
54.150000 	 0.301912 
54.166667 	 0.301578 
54.183333 	 0.301243 
54.200000 	 0.300910 
54.216667 	 0.300577 
54.233333 	 0.300244 
54.250000 	 0.299911 
54.266667 	 0.299580 
54.283333 	 0.299248 
54.300000 	 0.298917 
54.316667 	 0.298587 
54.333333 	 0.298256 
54.350000 	 0.297927 
54.366667 	 0.297597 
54.383333 	 0.297268 
54.400000 	 0.296940 
54.416667 	 0.296612 
54.433333 	 0.296284 
54.450000 	 0.295957 
54.466667 	 0.295631 
54.483333 	 0.295304 
54.500000 	 0.294978 
54.516667 	 0.294653 
54.533333 	 0.294328 
54.550000 	 0.294003 
54.566667 	 0.293679 
54.583333 	 0.293355 
54.600000 	 0.293032 
54.616667 	 0.292709 
54.633333 	 0.292387 
54.650000 	 0.292065 
54.666667 	 0.291743 
54.683333 	 0.291422 
54.700000 	 0.291101 
54.716667 	 0.290781 
54.733333 	 0.290461 
54.750000 	 0.290142 
54.766667 	 0.289822 
54.783333 	 0.289504 
54.800000 	 0.289186 
54.816667 	 0.288868 
54.833333 	 0.288550 
54.850000 	 0.288233 
54.866667 	 0.287917 
54.883333 	 0.287601 
54.900000 	 0.287285 
54.916667 	 0.286970 
54.933333 	 0.286655 
54.950000 	 0.286340 
54.966667 	 0.286026 
54.983333 	 0.285712 
55.000000 	 0.285399 
55.016667 	 0.285086 
55.033333 	 0.284774 
55.050000 	 0.284462 
55.066667 	 0.284150 
55.083333 	 0.283839 
55.100000 	 0.283528 
55.116667 	 0.283217 
55.133333 	 0.282907 
55.150000 	 0.282598 
55.166667 	 0.282289 
55.183333 	 0.281980 
55.200000 	 0.281671 
55.216667 	 0.281363 
55.233333 	 0.281056 
55.250000 	 0.280749 
55.266667 	 0.280442 
55.283333 	 0.280136 
55.300000 	 0.279830 
55.316667 	 0.279524 
55.333333 	 0.279219 
55.350000 	 0.278914 
55.366667 	 0.278610 
55.383333 	 0.278306 
55.400000 	 0.278002 
55.416667 	 0.277699 
55.433333 	 0.277396 
55.450000 	 0.277094 
55.466667 	 0.276792 
55.483333 	 0.276490 
55.500000 	 0.276189 
55.516667 	 0.275888 
55.533333 	 0.275588 
55.550000 	 0.275288 
55.566667 	 0.274988 
55.583333 	 0.274689 
55.600000 	 0.274390 
55.616667 	 0.274091 
55.633333 	 0.273793 
55.650000 	 0.273496 
55.666667 	 0.273198 
55.683333 	 0.272902 
55.700000 	 0.272605 
55.716667 	 0.272309 
55.733333 	 0.272013 
55.750000 	 0.271718 
55.766667 	 0.271423 
55.783333 	 0.271128 
55.800000 	 0.270834 
55.816667 	 0.270540 
55.833333 	 0.270247 
55.850000 	 0.269954 
55.866667 	 0.269661 
55.883333 	 0.269369 
55.900000 	 0.269077 
55.916667 	 0.268785 
55.933333 	 0.268494 
55.950000 	 0.268203 
55.966667 	 0.267913 
55.983333 	 0.267623 
56.000000 	 0.267333 
56.016667 	 0.267044 
56.033333 	 0.266755 
56.050000 	 0.266467 
56.066667 	 0.266179 
56.083333 	 0.265891 
56.100000 	 0.265603 
56.116667 	 0.265316 
56.133333 	 0.265030 
56.150000 	 0.264744 
56.166667 	 0.264458 
56.183333 	 0.264172 
56.200000 	 0.263887 
56.216667 	 0.263602 
56.233333 	 0.263318 
56.250000 	 0.263034 
56.266667 	 0.262750 
56.283333 	 0.262467 
56.300000 	 0.262184 
56.316667 	 0.261902 
56.333333 	 0.261619 
56.350000 	 0.261338 
56.366667 	 0.261056 
56.383333 	 0.260775 
56.400000 	 0.260494 
56.416667 	 0.260214 
56.433333 	 0.259934 
56.450000 	 0.259654 
56.466667 	 0.259375 
56.483333 	 0.259096 
56.500000 	 0.258818 
56.516667 	 0.258540 
56.533333 	 0.258262 
56.550000 	 0.257984 
56.566667 	 0.257707 
56.583333 	 0.257431 
56.600000 	 0.257154 
56.616667 	 0.256878 
56.633333 	 0.256603 
56.650000 	 0.256327 
56.666667 	 0.256052 
56.683333 	 0.255778 
56.700000 	 0.255504 
56.716667 	 0.255230 
56.733333 	 0.254956 
56.750000 	 0.254683 
56.766667 	 0.254410 
56.783333 	 0.254138 
56.800000 	 0.253866 
56.816667 	 0.253594 
56.833333 	 0.253323 
56.850000 	 0.253052 
56.866667 	 0.252781 
56.883333 	 0.252511 
56.900000 	 0.252241 
56.916667 	 0.251971 
56.933333 	 0.251702 
56.950000 	 0.251433 
56.966667 	 0.251164 
56.983333 	 0.250896 
57.000000 	 0.250628 
57.016667 	 0.250361 
57.033333 	 0.250094 
57.050000 	 0.249827 
57.066667 	 0.249560 
57.083333 	 0.249294 
57.100000 	 0.249028 
57.116667 	 0.248763 
57.133333 	 0.248498 
57.150000 	 0.248233 
57.166667 	 0.247969 
57.183333 	 0.247705 
57.200000 	 0.247441 
57.216667 	 0.247178 
57.233333 	 0.246915 
57.250000 	 0.246652 
57.266667 	 0.246389 
57.283333 	 0.246127 
57.300000 	 0.245866 
57.316667 	 0.245604 
57.333333 	 0.245343 
57.350000 	 0.245083 
57.366667 	 0.244822 
57.383333 	 0.244562 
57.400000 	 0.244303 
57.416667 	 0.244043 
57.433333 	 0.243784 
57.450000 	 0.243526 
57.466667 	 0.243267 
57.483333 	 0.243009 
57.500000 	 0.242752 
57.516667 	 0.242494 
57.533333 	 0.242237 
57.550000 	 0.241981 
57.566667 	 0.241725 
57.583333 	 0.241469 
57.600000 	 0.241213 
57.616667 	 0.240958 
57.633333 	 0.240703 
57.650000 	 0.240448 
57.666667 	 0.240194 
57.683333 	 0.239940 
57.700000 	 0.239686 
57.716667 	 0.239432 
57.733333 	 0.239179 
57.750000 	 0.238927 
57.766667 	 0.238674 
57.783333 	 0.238422 
57.800000 	 0.238171 
57.816667 	 0.237919 
57.833333 	 0.237668 
57.850000 	 0.237417 
57.866667 	 0.237167 
57.883333 	 0.236917 
57.900000 	 0.236667 
57.916667 	 0.236418 
57.933333 	 0.236168 
57.950000 	 0.235920 
57.966667 	 0.235671 
57.983333 	 0.235423 
58.000000 	 0.235175 
58.016667 	 0.234928 
58.033333 	 0.234680 
58.050000 	 0.234434 
58.066667 	 0.234187 
58.083333 	 0.233941 
58.100000 	 0.233695 
58.116667 	 0.233449 
58.133333 	 0.233204 
58.150000 	 0.232959 
58.166667 	 0.232714 
58.183333 	 0.232470 
58.200000 	 0.232226 
58.216667 	 0.231982 
58.233333 	 0.231739 
58.250000 	 0.231495 
58.266667 	 0.231253 
58.283333 	 0.231010 
58.300000 	 0.230768 
58.316667 	 0.230526 
58.333333 	 0.230285 
58.350000 	 0.230043 
58.366667 	 0.229802 
58.383333 	 0.229562 
58.400000 	 0.229322 
58.416667 	 0.229082 
58.433333 	 0.228842 
58.450000 	 0.228602 
58.466667 	 0.228363 
58.483333 	 0.228125 
58.500000 	 0.227886 
58.516667 	 0.227648 
58.533333 	 0.227410 
58.550000 	 0.227173 
58.566667 	 0.226935 
58.583333 	 0.226698 
58.600000 	 0.226462 
58.616667 	 0.226226 
58.633333 	 0.225989 
58.650000 	 0.225754 
58.666667 	 0.225518 
58.683333 	 0.225283 
58.700000 	 0.225048 
58.716667 	 0.224814 
58.733333 	 0.224580 
58.750000 	 0.224346 
58.766667 	 0.224112 
58.783333 	 0.223879 
58.800000 	 0.223646 
58.816667 	 0.223413 
58.833333 	 0.223181 
58.850000 	 0.222949 
58.866667 	 0.222717 
58.883333 	 0.222485 
58.900000 	 0.222254 
58.916667 	 0.222023 
58.933333 	 0.221792 
58.950000 	 0.221562 
58.966667 	 0.221332 
58.983333 	 0.221102 
59.000000 	 0.220873 
59.016667 	 0.220644 
59.033333 	 0.220415 
59.050000 	 0.220186 
59.066667 	 0.219958 
59.083333 	 0.219730 
59.100000 	 0.219502 
59.116667 	 0.219275 
59.133333 	 0.219048 
59.150000 	 0.218821 
59.166667 	 0.218594 
59.183333 	 0.218368 
59.200000 	 0.218142 
59.216667 	 0.217917 
59.233333 	 0.217691 
59.250000 	 0.217466 
59.266667 	 0.217241 
59.283333 	 0.217017 
59.300000 	 0.216792 
59.316667 	 0.216569 
59.333333 	 0.216345 
59.350000 	 0.216122 
59.366667 	 0.215898 
59.383333 	 0.215676 
59.400000 	 0.215453 
59.416667 	 0.215231 
59.433333 	 0.215009 
59.450000 	 0.214787 
59.466667 	 0.214566 
59.483333 	 0.214345 
59.500000 	 0.214124 
59.516667 	 0.213903 
59.533333 	 0.213683 
59.550000 	 0.213463 
59.566667 	 0.213243 
59.583333 	 0.213024 
59.600000 	 0.212805 
59.616667 	 0.212586 
59.633333 	 0.212367 
59.650000 	 0.212149 
59.666667 	 0.211931 
59.683333 	 0.211713 
59.700000 	 0.211496 
59.716667 	 0.211279 
59.733333 	 0.211062 
59.750000 	 0.210845 
59.766667 	 0.210629 
59.783333 	 0.210413 
59.800000 	 0.210197 
59.816667 	 0.209981 
59.833333 	 0.209766 
59.850000 	 0.209551 
59.866667 	 0.209336 
59.883333 	 0.209122 
59.900000 	 0.208908 
59.916667 	 0.208694 
59.933333 	 0.208480 
59.950000 	 0.208267 
59.966667 	 0.208054 
59.983333 	 0.207841
