# Parking Lot Fine Mesh; number of elements in y-drection = 250
500	502
1	0	0	-0	0.016825
2	0	2.4	-0.00384	0.016825
3	0	4.8	-0.00768	0.016825
4	0	7.2	-0.01152	0.016825
5	0	9.6	-0.01536	0.016825
6	0	12	-0.0192	0.016825
7	0	14.4	-0.02304	0.016825
8	0	16.8	-0.02688	0.016825
9	0	19.2	-0.03072	0.016825
10	0	21.6	-0.03456	0.016825
11	0	24	-0.0384	0.016825
12	0	26.4	-0.04224	0.016825
13	0	28.8	-0.04608	0.016825
14	0	31.2	-0.04992	0.016825
15	0	33.6	-0.05376	0.016825
16	0	36	-0.0576	0.016825
17	0	38.4	-0.06144	0.016825
18	0	40.8	-0.06528	0.016825
19	0	43.2	-0.06912	0.016825
20	0	45.6	-0.07296	0.016825
21	0	48	-0.0768	0.016825
22	0	50.4	-0.08064	0.016825
23	0	52.8	-0.08448	0.016825
24	0	55.2	-0.08832	0.016825
25	0	57.6	-0.09216	0.016825
26	0	60	-0.096	0.016825
27	0	62.4	-0.09984	0.016825
28	0	64.8	-0.10368	0.016825
29	0	67.2	-0.10752	0.016825
30	0	69.6	-0.11136	0.016825
31	0	72	-0.1152	0.016825
32	0	74.4	-0.11904	0.016825
33	0	76.8	-0.12288	0.016825
34	0	79.2	-0.12672	0.016825
35	0	81.6	-0.13056	0.016825
36	0	84	-0.1344	0.016825
37	0	86.4	-0.13824	0.016825
38	0	88.8	-0.14208	0.016825
39	0	91.2	-0.14592	0.016825
40	0	93.6	-0.14976	0.016825
41	0	96	-0.1536	0.016825
42	0	98.4	-0.15744	0.016825
43	0	100.8	-0.16128	0.016825
44	0	103.2	-0.16512	0.016825
45	0	105.6	-0.16896	0.016825
46	0	108	-0.1728	0.016825
47	0	110.4	-0.17664	0.016825
48	0	112.8	-0.18048	0.016825
49	0	115.2	-0.18432	0.016825
50	0	117.6	-0.18816	0.016825
51	0	120	-0.192	0.016825
52	0	122.4	-0.19584	0.016825
53	0	124.8	-0.19968	0.016825
54	0	127.2	-0.20352	0.016825
55	0	129.6	-0.20736	0.016825
56	0	132	-0.2112	0.016825
57	0	134.4	-0.21504	0.016825
58	0	136.8	-0.21888	0.016825
59	0	139.2	-0.22272	0.016825
60	0	141.6	-0.22656	0.016825
61	0	144	-0.2304	0.016825
62	0	146.4	-0.23424	0.016825
63	0	148.8	-0.23808	0.016825
64	0	151.2	-0.24192	0.016825
65	0	153.6	-0.24576	0.016825
66	0	156	-0.2496	0.016825
67	0	158.4	-0.25344	0.016825
68	0	160.8	-0.25728	0.016825
69	0	163.2	-0.26112	0.016825
70	0	165.6	-0.26496	0.016825
71	0	168	-0.2688	0.016825
72	0	170.4	-0.27264	0.016825
73	0	172.8	-0.27648	0.016825
74	0	175.2	-0.28032	0.016825
75	0	177.6	-0.28416	0.016825
76	0	180	-0.288	0.016825
77	0	182.4	-0.29184	0.016825
78	0	184.8	-0.29568	0.016825
79	0	187.2	-0.29952	0.016825
80	0	189.6	-0.30336	0.016825
81	0	192	-0.3072	0.016825
82	0	194.4	-0.31104	0.016825
83	0	196.8	-0.31488	0.016825
84	0	199.2	-0.31872	0.016825
85	0	201.6	-0.32256	0.016825
86	0	204	-0.3264	0.016825
87	0	206.4	-0.33024	0.016825
88	0	208.8	-0.33408	0.016825
89	0	211.2	-0.33792	0.016825
90	0	213.6	-0.34176	0.016825
91	0	216	-0.3456	0.016825
92	0	218.4	-0.34944	0.016825
93	0	220.8	-0.35328	0.016825
94	0	223.2	-0.35712	0.016825
95	0	225.6	-0.36096	0.016825
96	0	228	-0.3648	0.016825
97	0	230.4	-0.36864	0.016825
98	0	232.8	-0.37248	0.016825
99	0	235.2	-0.37632	0.016825
100	0	237.6	-0.38016	0.016825
101	0	240	-0.384	0.016825
102	0	242.4	-0.38784	0.016825
103	0	244.8	-0.39168	0.016825
104	0	247.2	-0.39552	0.016825
105	0	249.6	-0.39936	0.016825
106	0	252	-0.4032	0.016825
107	0	254.4	-0.40704	0.016825
108	0	256.8	-0.41088	0.016825
109	0	259.2	-0.41472	0.016825
110	0	261.6	-0.41856	0.016825
111	0	264	-0.4224	0.016825
112	0	266.4	-0.42624	0.016825
113	0	268.8	-0.43008	0.016825
114	0	271.2	-0.43392	0.016825
115	0	273.6	-0.43776	0.016825
116	0	276	-0.4416	0.016825
117	0	278.4	-0.44544	0.016825
118	0	280.8	-0.44928	0.016825
119	0	283.2	-0.45312	0.016825
120	0	285.6	-0.45696	0.016825
121	0	288	-0.4608	0.016825
122	0	290.4	-0.46464	0.016825
123	0	292.8	-0.46848	0.016825
124	0	295.2	-0.47232	0.016825
125	0	297.6	-0.47616	0.016825
126	0	300	-0.48	0.016825
127	0	302.4	-0.48384	0.016825
128	0	304.8	-0.48768	0.016825
129	0	307.2	-0.49152	0.016825
130	0	309.6	-0.49536	0.016825
131	0	312	-0.4992	0.016825
132	0	314.4	-0.50304	0.016825
133	0	316.8	-0.50688	0.016825
134	0	319.2	-0.51072	0.016825
135	0	321.6	-0.51456	0.016825
136	0	324	-0.5184	0.016825
137	0	326.4	-0.52224	0.016825
138	0	328.8	-0.52608	0.016825
139	0	331.2	-0.52992	0.016825
140	0	333.6	-0.53376	0.016825
141	0	336	-0.5376	0.016825
142	0	338.4	-0.54144	0.016825
143	0	340.8	-0.54528	0.016825
144	0	343.2	-0.54912	0.016825
145	0	345.6	-0.55296	0.016825
146	0	348	-0.5568	0.016825
147	0	350.4	-0.56064	0.016825
148	0	352.8	-0.56448	0.016825
149	0	355.2	-0.56832	0.016825
150	0	357.6	-0.57216	0.016825
151	0	360	-0.576	0.016825
152	0	362.4	-0.57984	0.016825
153	0	364.8	-0.58368	0.016825
154	0	367.2	-0.58752	0.016825
155	0	369.6	-0.59136	0.016825
156	0	372	-0.5952	0.016825
157	0	374.4	-0.59904	0.016825
158	0	376.8	-0.60288	0.016825
159	0	379.2	-0.60672	0.016825
160	0	381.6	-0.61056	0.016825
161	0	384	-0.6144	0.016825
162	0	386.4	-0.61824	0.016825
163	0	388.8	-0.62208	0.016825
164	0	391.2	-0.62592	0.016825
165	0	393.6	-0.62976	0.016825
166	0	396	-0.6336	0.016825
167	0	398.4	-0.63744	0.016825
168	0	400.8	-0.64128	0.016825
169	0	403.2	-0.64512	0.016825
170	0	405.6	-0.64896	0.016825
171	0	408	-0.6528	0.016825
172	0	410.4	-0.65664	0.016825
173	0	412.8	-0.66048	0.016825
174	0	415.2	-0.66432	0.016825
175	0	417.6	-0.66816	0.016825
176	0	420	-0.672	0.016825
177	0	422.4	-0.67584	0.016825
178	0	424.8	-0.67968	0.016825
179	0	427.2	-0.68352	0.016825
180	0	429.6	-0.68736	0.016825
181	0	432	-0.6912	0.016825
182	0	434.4	-0.69504	0.016825
183	0	436.8	-0.69888	0.016825
184	0	439.2	-0.70272	0.016825
185	0	441.6	-0.70656	0.016825
186	0	444	-0.7104	0.016825
187	0	446.4	-0.71424	0.016825
188	0	448.8	-0.71808	0.016825
189	0	451.2	-0.72192	0.016825
190	0	453.6	-0.72576	0.016825
191	0	456	-0.7296	0.016825
192	0	458.4	-0.73344	0.016825
193	0	460.8	-0.73728	0.016825
194	0	463.2	-0.74112	0.016825
195	0	465.6	-0.74496	0.016825
196	0	468	-0.7488	0.016825
197	0	470.4	-0.75264	0.016825
198	0	472.8	-0.75648	0.016825
199	0	475.2	-0.76032	0.016825
200	0	477.6	-0.76416	0.016825
201	0	480	-0.768	0.016825
202	0	482.4	-0.77184	0.016825
203	0	484.8	-0.77568	0.016825
204	0	487.2	-0.77952	0.016825
205	0	489.6	-0.78336	0.016825
206	0	492	-0.7872	0.016825
207	0	494.4	-0.79104	0.016825
208	0	496.8	-0.79488	0.016825
209	0	499.2	-0.79872	0.016825
210	0	501.6	-0.80256	0.016825
211	0	504	-0.8064	0.016825
212	0	506.4	-0.81024	0.016825
213	0	508.8	-0.81408	0.016825
214	0	511.2	-0.81792	0.016825
215	0	513.6	-0.82176	0.016825
216	0	516	-0.8256	0.016825
217	0	518.4	-0.82944	0.016825
218	0	520.8	-0.83328	0.016825
219	0	523.2	-0.83712	0.016825
220	0	525.6	-0.84096	0.016825
221	0	528	-0.8448	0.016825
222	0	530.4	-0.84864	0.016825
223	0	532.8	-0.85248	0.016825
224	0	535.2	-0.85632	0.016825
225	0	537.6	-0.86016	0.016825
226	0	540	-0.864	0.016825
227	0	542.4	-0.86784	0.016825
228	0	544.8	-0.87168	0.016825
229	0	547.2	-0.87552	0.016825
230	0	549.6	-0.87936	0.016825
231	0	552	-0.8832	0.016825
232	0	554.4	-0.88704	0.016825
233	0	556.8	-0.89088	0.016825
234	0	559.2	-0.89472	0.016825
235	0	561.6	-0.89856	0.016825
236	0	564	-0.9024	0.016825
237	0	566.4	-0.90624	0.016825
238	0	568.8	-0.91008	0.016825
239	0	571.2	-0.91392	0.016825
240	0	573.6	-0.91776	0.016825
241	0	576	-0.9216	0.016825
242	0	578.4	-0.92544	0.016825
243	0	580.8	-0.92928	0.016825
244	0	583.2	-0.93312	0.016825
245	0	585.6	-0.93696	0.016825
246	0	588	-0.9408	0.016825
247	0	590.4	-0.94464	0.016825
248	0	592.8	-0.94848	0.016825
249	0	595.2	-0.95232	0.016825
250	0	597.6	-0.95616	0.016825
251	0	600	-0.96	0.016825
252	1	0	-0	0.016825
253	1	2.4	-0.00384	0.016825
254	1	4.8	-0.00768	0.016825
255	1	7.2	-0.01152	0.016825
256	1	9.6	-0.01536	0.016825
257	1	12	-0.0192	0.016825
258	1	14.4	-0.02304	0.016825
259	1	16.8	-0.02688	0.016825
260	1	19.2	-0.03072	0.016825
261	1	21.6	-0.03456	0.016825
262	1	24	-0.0384	0.016825
263	1	26.4	-0.04224	0.016825
264	1	28.8	-0.04608	0.016825
265	1	31.2	-0.04992	0.016825
266	1	33.6	-0.05376	0.016825
267	1	36	-0.0576	0.016825
268	1	38.4	-0.06144	0.016825
269	1	40.8	-0.06528	0.016825
270	1	43.2	-0.06912	0.016825
271	1	45.6	-0.07296	0.016825
272	1	48	-0.0768	0.016825
273	1	50.4	-0.08064	0.016825
274	1	52.8	-0.08448	0.016825
275	1	55.2	-0.08832	0.016825
276	1	57.6	-0.09216	0.016825
277	1	60	-0.096	0.016825
278	1	62.4	-0.09984	0.016825
279	1	64.8	-0.10368	0.016825
280	1	67.2	-0.10752	0.016825
281	1	69.6	-0.11136	0.016825
282	1	72	-0.1152	0.016825
283	1	74.4	-0.11904	0.016825
284	1	76.8	-0.12288	0.016825
285	1	79.2	-0.12672	0.016825
286	1	81.6	-0.13056	0.016825
287	1	84	-0.1344	0.016825
288	1	86.4	-0.13824	0.016825
289	1	88.8	-0.14208	0.016825
290	1	91.2	-0.14592	0.016825
291	1	93.6	-0.14976	0.016825
292	1	96	-0.1536	0.016825
293	1	98.4	-0.15744	0.016825
294	1	100.8	-0.16128	0.016825
295	1	103.2	-0.16512	0.016825
296	1	105.6	-0.16896	0.016825
297	1	108	-0.1728	0.016825
298	1	110.4	-0.17664	0.016825
299	1	112.8	-0.18048	0.016825
300	1	115.2	-0.18432	0.016825
301	1	117.6	-0.18816	0.016825
302	1	120	-0.192	0.016825
303	1	122.4	-0.19584	0.016825
304	1	124.8	-0.19968	0.016825
305	1	127.2	-0.20352	0.016825
306	1	129.6	-0.20736	0.016825
307	1	132	-0.2112	0.016825
308	1	134.4	-0.21504	0.016825
309	1	136.8	-0.21888	0.016825
310	1	139.2	-0.22272	0.016825
311	1	141.6	-0.22656	0.016825
312	1	144	-0.2304	0.016825
313	1	146.4	-0.23424	0.016825
314	1	148.8	-0.23808	0.016825
315	1	151.2	-0.24192	0.016825
316	1	153.6	-0.24576	0.016825
317	1	156	-0.2496	0.016825
318	1	158.4	-0.25344	0.016825
319	1	160.8	-0.25728	0.016825
320	1	163.2	-0.26112	0.016825
321	1	165.6	-0.26496	0.016825
322	1	168	-0.2688	0.016825
323	1	170.4	-0.27264	0.016825
324	1	172.8	-0.27648	0.016825
325	1	175.2	-0.28032	0.016825
326	1	177.6	-0.28416	0.016825
327	1	180	-0.288	0.016825
328	1	182.4	-0.29184	0.016825
329	1	184.8	-0.29568	0.016825
330	1	187.2	-0.29952	0.016825
331	1	189.6	-0.30336	0.016825
332	1	192	-0.3072	0.016825
333	1	194.4	-0.31104	0.016825
334	1	196.8	-0.31488	0.016825
335	1	199.2	-0.31872	0.016825
336	1	201.6	-0.32256	0.016825
337	1	204	-0.3264	0.016825
338	1	206.4	-0.33024	0.016825
339	1	208.8	-0.33408	0.016825
340	1	211.2	-0.33792	0.016825
341	1	213.6	-0.34176	0.016825
342	1	216	-0.3456	0.016825
343	1	218.4	-0.34944	0.016825
344	1	220.8	-0.35328	0.016825
345	1	223.2	-0.35712	0.016825
346	1	225.6	-0.36096	0.016825
347	1	228	-0.3648	0.016825
348	1	230.4	-0.36864	0.016825
349	1	232.8	-0.37248	0.016825
350	1	235.2	-0.37632	0.016825
351	1	237.6	-0.38016	0.016825
352	1	240	-0.384	0.016825
353	1	242.4	-0.38784	0.016825
354	1	244.8	-0.39168	0.016825
355	1	247.2	-0.39552	0.016825
356	1	249.6	-0.39936	0.016825
357	1	252	-0.4032	0.016825
358	1	254.4	-0.40704	0.016825
359	1	256.8	-0.41088	0.016825
360	1	259.2	-0.41472	0.016825
361	1	261.6	-0.41856	0.016825
362	1	264	-0.4224	0.016825
363	1	266.4	-0.42624	0.016825
364	1	268.8	-0.43008	0.016825
365	1	271.2	-0.43392	0.016825
366	1	273.6	-0.43776	0.016825
367	1	276	-0.4416	0.016825
368	1	278.4	-0.44544	0.016825
369	1	280.8	-0.44928	0.016825
370	1	283.2	-0.45312	0.016825
371	1	285.6	-0.45696	0.016825
372	1	288	-0.4608	0.016825
373	1	290.4	-0.46464	0.016825
374	1	292.8	-0.46848	0.016825
375	1	295.2	-0.47232	0.016825
376	1	297.6	-0.47616	0.016825
377	1	300	-0.48	0.016825
378	1	302.4	-0.48384	0.016825
379	1	304.8	-0.48768	0.016825
380	1	307.2	-0.49152	0.016825
381	1	309.6	-0.49536	0.016825
382	1	312	-0.4992	0.016825
383	1	314.4	-0.50304	0.016825
384	1	316.8	-0.50688	0.016825
385	1	319.2	-0.51072	0.016825
386	1	321.6	-0.51456	0.016825
387	1	324	-0.5184	0.016825
388	1	326.4	-0.52224	0.016825
389	1	328.8	-0.52608	0.016825
390	1	331.2	-0.52992	0.016825
391	1	333.6	-0.53376	0.016825
392	1	336	-0.5376	0.016825
393	1	338.4	-0.54144	0.016825
394	1	340.8	-0.54528	0.016825
395	1	343.2	-0.54912	0.016825
396	1	345.6	-0.55296	0.016825
397	1	348	-0.5568	0.016825
398	1	350.4	-0.56064	0.016825
399	1	352.8	-0.56448	0.016825
400	1	355.2	-0.56832	0.016825
401	1	357.6	-0.57216	0.016825
402	1	360	-0.576	0.016825
403	1	362.4	-0.57984	0.016825
404	1	364.8	-0.58368	0.016825
405	1	367.2	-0.58752	0.016825
406	1	369.6	-0.59136	0.016825
407	1	372	-0.5952	0.016825
408	1	374.4	-0.59904	0.016825
409	1	376.8	-0.60288	0.016825
410	1	379.2	-0.60672	0.016825
411	1	381.6	-0.61056	0.016825
412	1	384	-0.6144	0.016825
413	1	386.4	-0.61824	0.016825
414	1	388.8	-0.62208	0.016825
415	1	391.2	-0.62592	0.016825
416	1	393.6	-0.62976	0.016825
417	1	396	-0.6336	0.016825
418	1	398.4	-0.63744	0.016825
419	1	400.8	-0.64128	0.016825
420	1	403.2	-0.64512	0.016825
421	1	405.6	-0.64896	0.016825
422	1	408	-0.6528	0.016825
423	1	410.4	-0.65664	0.016825
424	1	412.8	-0.66048	0.016825
425	1	415.2	-0.66432	0.016825
426	1	417.6	-0.66816	0.016825
427	1	420	-0.672	0.016825
428	1	422.4	-0.67584	0.016825
429	1	424.8	-0.67968	0.016825
430	1	427.2	-0.68352	0.016825
431	1	429.6	-0.68736	0.016825
432	1	432	-0.6912	0.016825
433	1	434.4	-0.69504	0.016825
434	1	436.8	-0.69888	0.016825
435	1	439.2	-0.70272	0.016825
436	1	441.6	-0.70656	0.016825
437	1	444	-0.7104	0.016825
438	1	446.4	-0.71424	0.016825
439	1	448.8	-0.71808	0.016825
440	1	451.2	-0.72192	0.016825
441	1	453.6	-0.72576	0.016825
442	1	456	-0.7296	0.016825
443	1	458.4	-0.73344	0.016825
444	1	460.8	-0.73728	0.016825
445	1	463.2	-0.74112	0.016825
446	1	465.6	-0.74496	0.016825
447	1	468	-0.7488	0.016825
448	1	470.4	-0.75264	0.016825
449	1	472.8	-0.75648	0.016825
450	1	475.2	-0.76032	0.016825
451	1	477.6	-0.76416	0.016825
452	1	480	-0.768	0.016825
453	1	482.4	-0.77184	0.016825
454	1	484.8	-0.77568	0.016825
455	1	487.2	-0.77952	0.016825
456	1	489.6	-0.78336	0.016825
457	1	492	-0.7872	0.016825
458	1	494.4	-0.79104	0.016825
459	1	496.8	-0.79488	0.016825
460	1	499.2	-0.79872	0.016825
461	1	501.6	-0.80256	0.016825
462	1	504	-0.8064	0.016825
463	1	506.4	-0.81024	0.016825
464	1	508.8	-0.81408	0.016825
465	1	511.2	-0.81792	0.016825
466	1	513.6	-0.82176	0.016825
467	1	516	-0.8256	0.016825
468	1	518.4	-0.82944	0.016825
469	1	520.8	-0.83328	0.016825
470	1	523.2	-0.83712	0.016825
471	1	525.6	-0.84096	0.016825
472	1	528	-0.8448	0.016825
473	1	530.4	-0.84864	0.016825
474	1	532.8	-0.85248	0.016825
475	1	535.2	-0.85632	0.016825
476	1	537.6	-0.86016	0.016825
477	1	540	-0.864	0.016825
478	1	542.4	-0.86784	0.016825
479	1	544.8	-0.87168	0.016825
480	1	547.2	-0.87552	0.016825
481	1	549.6	-0.87936	0.016825
482	1	552	-0.8832	0.016825
483	1	554.4	-0.88704	0.016825
484	1	556.8	-0.89088	0.016825
485	1	559.2	-0.89472	0.016825
486	1	561.6	-0.89856	0.016825
487	1	564	-0.9024	0.016825
488	1	566.4	-0.90624	0.016825
489	1	568.8	-0.91008	0.016825
490	1	571.2	-0.91392	0.016825
491	1	573.6	-0.91776	0.016825
492	1	576	-0.9216	0.016825
493	1	578.4	-0.92544	0.016825
494	1	580.8	-0.92928	0.016825
495	1	583.2	-0.93312	0.016825
496	1	585.6	-0.93696	0.016825
497	1	588	-0.9408	0.016825
498	1	590.4	-0.94464	0.016825
499	1	592.8	-0.94848	0.016825
500	1	595.2	-0.95232	0.016825
501	1	597.6	-0.95616	0.016825
502	1	600	-0.96	0.016825
1	3	325	326	75
2	3	443	193	192
3	3	151	150	401
4	3	178	177	428
5	3	360	109	359
6	3	266	16	15
7	3	60	311	61
8	3	385	134	384
9	3	138	137	388
10	3	142	141	392
11	3	445	195	194
12	3	483	484	233
13	3	213	464	214
14	3	404	154	153
15	3	359	109	108
16	3	51	50	301
17	3	275	276	25
18	3	258	7	257
19	3	304	54	53
20	3	39	290	40
21	3	3	2	253
22	3	256	5	255
23	3	16	267	17
24	3	328	329	78
25	3	107	106	357
26	3	345	95	94
27	3	387	388	137
28	3	361	362	111
29	3	100	351	101
30	3	72	71	322
31	3	330	80	79
32	3	430	179	429
33	3	437	186	436
34	3	444	194	193
35	3	211	462	212
36	3	459	209	208
37	3	485	235	234
38	3	485	486	235
39	3	472	473	222
40	3	481	482	231
41	3	165	164	415
42	3	453	454	203
43	3	201	452	202
44	3	189	188	439
45	3	164	163	414
46	3	431	180	430
47	3	407	408	157
48	3	161	412	162
49	3	396	146	145
50	3	389	139	138
51	3	390	140	139
52	3	400	150	149
53	3	185	436	186
54	3	246	496	497
55	3	176	426	427
56	3	424	425	174
57	3	479	229	228
58	3	487	488	237
59	3	501	250	500
60	3	232	482	483
61	3	490	491	240
62	3	440	441	190
63	3	199	450	200
64	3	439	188	438
65	3	432	433	182
66	3	438	187	437
67	3	371	120	370
68	3	85	84	335
69	3	108	107	358
70	3	346	95	345
71	3	319	320	69
72	3	75	326	76
73	3	389	390	139
74	3	126	377	127
75	3	366	115	365
76	3	363	113	112
77	3	301	50	300
78	3	271	21	20
79	3	261	10	260
80	3	6	5	256
81	3	280	281	30
82	3	38	289	39
83	3	269	19	18
84	3	303	52	302
85	3	2	1	252
86	3	7	6	257
87	3	258	8	7
88	3	13	12	263
89	3	14	13	264
90	3	299	300	49
91	3	308	309	58
92	3	282	32	31
93	3	305	306	55
94	3	305	55	54
95	3	306	56	55
96	3	309	310	59
97	3	57	308	58
98	3	58	309	59
99	3	315	316	65
100	3	317	318	67
101	3	304	305	54
102	3	300	50	49
103	3	302	52	51
104	3	303	53	52
105	3	298	48	47
106	3	299	49	48
107	3	295	296	45
108	3	45	296	46
109	3	15	14	265
110	3	270	20	19
111	3	270	271	20
112	3	274	275	24
113	3	277	278	27
114	3	271	272	21
115	3	273	23	22
116	3	274	24	23
117	3	4	3	254
118	3	5	4	255
119	3	261	11	10
120	3	266	15	265
121	3	268	18	17
122	3	269	270	19
123	3	287	288	37
124	3	285	35	34
125	3	36	287	37
126	3	290	291	40
127	3	294	295	44
128	3	293	294	43
129	3	293	43	42
130	3	294	44	43
131	3	295	45	44
132	3	283	33	32
133	3	284	34	33
134	3	37	288	38
135	3	277	27	26
136	3	278	28	27
137	3	279	29	28
138	3	279	280	29
139	3	282	283	32
140	3	342	92	91
141	3	102	352	353
142	3	99	350	100
143	3	101	352	102
144	3	79	329	330
145	3	76	327	77
146	3	333	82	332
147	3	340	90	89
148	3	343	93	92
149	3	360	110	109
150	3	361	111	110
151	3	362	112	111
152	3	362	363	112
153	3	369	370	119
154	3	367	368	117
155	3	369	119	118
156	3	366	116	115
157	3	367	117	116
158	3	364	114	113
159	3	365	115	114
160	3	103	354	104
161	3	104	355	105
162	3	341	91	90
163	3	344	94	93
164	3	338	339	88
165	3	337	87	86
166	3	338	88	87
167	3	84	83	334
168	3	78	329	79
169	3	82	81	332
170	3	73	323	324
171	3	77	328	78
172	3	336	86	85
173	3	68	318	319
174	3	66	317	67
175	3	67	318	68
176	3	313	314	63
177	3	314	64	63
178	3	315	65	64
179	3	316	66	65
180	3	70	321	71
181	3	325	74	324
182	3	323	73	72
183	3	324	74	73
184	3	325	75	74
185	3	336	85	335
186	3	192	191	442
187	3	443	192	442
188	3	453	203	202
189	3	454	204	203
190	3	200	451	201
191	3	182	181	432
192	3	440	189	439
193	3	445	446	195
194	3	446	196	195
195	3	447	197	196
196	3	448	198	197
197	3	448	449	198
198	3	452	453	202
199	3	465	466	215
200	3	212	463	213
201	3	465	215	214
202	3	466	216	215
203	3	467	468	217
204	3	468	469	218
205	3	471	472	221
206	3	470	220	219
207	3	462	463	212
208	3	460	210	209
209	3	461	462	211
210	3	210	461	211
211	3	454	455	204
212	3	204	455	205
213	3	460	461	210
214	3	458	208	207
215	3	235	486	236
216	3	236	487	237
217	3	237	488	238
218	3	238	488	489
219	3	239	490	240
220	3	240	491	241
221	3	499	249	248
222	3	500	250	249
223	3	501	251	250
224	3	498	499	248
225	3	241	492	242
226	3	242	493	243
227	3	227	478	228
228	3	229	480	230
229	3	230	481	231
230	3	499	500	249
231	3	231	482	232
232	3	495	496	245
233	3	244	495	245
234	3	226	476	477
235	3	478	479	228
236	3	225	475	476
237	3	473	474	223
238	3	471	221	220
239	3	472	222	221
240	3	473	223	222
241	3	406	155	405
242	3	156	407	157
243	3	409	159	158
244	3	161	411	412
245	3	434	184	183
246	3	437	187	186
247	3	438	188	187
248	3	421	171	170
249	3	422	423	172
250	3	425	175	174
251	3	425	426	175
252	3	428	429	178
253	3	184	435	185
254	3	179	178	429
255	3	182	433	183
256	3	423	173	172
257	3	424	174	173
258	3	165	416	166
259	3	160	411	161
260	3	406	407	156
261	3	159	410	160
262	3	144	143	394
263	3	395	396	145
264	3	386	135	385
265	3	137	136	387
266	3	143	142	393
267	3	403	153	152
268	3	152	151	402
269	3	403	152	402
270	3	399	149	148
271	3	401	402	151
272	3	396	397	146
273	3	397	147	146
274	3	398	148	147
275	3	379	380	129
276	3	383	384	133
277	3	378	128	127
278	3	379	129	128
279	3	377	378	127
280	3	370	120	119
281	3	371	121	120
282	3	372	373	122
283	3	375	376	125
284	3	122	373	123
285	3	380	130	129
286	3	384	134	133
287	3	380	381	130
288	3	382	132	131
289	3	383	133	132
290	3	382	383	132
291	3	389	138	388
292	3	391	392	141
293	3	134	385	135
294	3	135	386	136
295	3	125	376	126
296	3	124	375	125
297	3	378	379	128
298	3	130	381	131
299	3	381	382	131
300	3	387	136	386
301	3	391	141	140
302	3	398	147	397
303	3	405	154	404
304	3	408	158	157
305	3	409	158	408
306	3	411	160	410
307	3	144	395	145
308	3	393	142	392
309	3	394	395	144
310	3	390	391	140
311	3	405	155	154
312	3	406	156	155
313	3	394	143	393
314	3	185	435	436
315	3	179	430	180
316	3	442	191	441
317	3	440	190	189
318	3	441	191	190
319	3	444	193	443
320	3	450	451	200
321	3	224	223	474
322	3	198	449	199
323	3	447	196	446
324	3	448	197	447
325	3	175	426	176
326	3	176	427	177
327	3	184	434	435
328	3	183	433	434
329	3	444	445	194
330	3	427	428	177
331	3	180	431	181
332	3	169	420	170
333	3	169	168	419
334	3	173	423	424
335	3	172	171	422
336	3	170	420	421
337	3	168	167	418
338	3	163	162	413
339	3	167	166	417
340	3	218	469	219
341	3	224	474	475
342	3	224	475	225
343	3	225	476	226
344	3	226	477	227
345	3	480	481	230
346	3	486	487	236
347	3	238	489	239
348	3	232	483	233
349	3	477	478	227
350	3	479	480	229
351	3	245	496	246
352	3	246	497	247
353	3	247	498	248
354	3	497	498	247
355	3	502	251	501
356	3	243	494	244
357	3	242	492	493
358	3	241	491	492
359	3	244	494	495
360	3	243	493	494
361	3	489	490	239
362	3	233	484	234
363	3	484	485	234
364	3	206	457	207
365	3	206	205	456
366	3	208	458	459
367	3	207	457	458
368	3	451	452	201
369	3	206	456	457
370	3	205	455	456
371	3	459	460	209
372	3	470	471	220
373	3	217	468	218
374	3	469	470	219
375	3	216	467	217
376	3	214	464	465
377	3	213	463	464
378	3	466	467	216
379	3	169	419	420
380	3	168	418	419
381	3	163	413	414
382	3	162	412	413
383	3	167	417	418
384	3	166	416	417
385	3	404	153	403
386	3	399	148	398
387	3	400	401	150
388	3	399	400	149
389	3	410	159	409
390	3	165	415	416
391	3	164	414	415
392	3	449	450	199
393	3	421	422	171
394	3	432	181	431
395	3	349	99	98
396	3	345	94	344
397	3	344	93	343
398	3	342	91	341
399	3	343	92	342
400	3	81	80	331
401	3	323	72	322
402	3	326	327	76
403	3	339	89	88
404	3	340	89	339
405	3	341	90	340
406	3	327	328	77
407	3	316	317	66
408	3	69	68	319
409	3	70	69	320
410	3	71	321	322
411	3	70	320	321
412	3	331	80	330
413	3	332	81	331
414	3	83	82	333
415	3	84	334	335
416	3	83	333	334
417	3	337	86	336
418	3	338	87	337
419	3	123	374	124
420	3	367	116	366
421	3	374	375	124
422	3	361	110	360
423	3	364	113	363
424	3	117	368	118
425	3	373	374	123
426	3	121	372	122
427	3	376	377	126
428	3	371	372	121
429	3	365	114	364
430	3	368	369	118
431	3	353	103	102
432	3	101	351	352
433	3	98	97	348
434	3	354	103	353
435	3	347	96	346
436	3	96	95	346
437	3	97	96	347
438	3	98	348	349
439	3	97	347	348
440	3	100	350	351
441	3	99	349	350
442	3	355	104	354
443	3	108	358	359
444	3	106	105	356
445	3	105	355	356
446	3	107	357	358
447	3	106	356	357
448	3	35	286	36
449	3	272	22	21
450	3	273	22	272
451	3	268	17	267
452	3	285	34	284
453	3	41	291	292
454	3	36	286	287
455	3	35	285	286
456	3	40	291	41
457	3	41	292	42
458	3	284	33	283
459	3	279	28	278
460	3	29	280	30
461	3	262	263	12
462	3	259	9	8
463	3	260	10	9
464	3	260	9	259
465	3	259	8	258
466	3	2	252	253
467	3	257	6	256
468	3	4	254	255
469	3	3	253	254
470	3	262	12	11
471	3	264	13	263
472	3	267	16	266
473	3	261	262	11
474	3	265	14	264
475	3	268	269	18
476	3	274	23	273
477	3	24	275	25
478	3	25	276	26
479	3	276	277	26
480	3	30	281	31
481	3	46	297	47
482	3	302	51	301
483	3	292	293	42
484	3	281	282	31
485	3	39	289	290
486	3	38	288	289
487	3	59	310	60
488	3	61	312	62
489	3	62	313	63
490	3	314	315	64
491	3	61	311	312
492	3	60	310	311
493	3	312	313	62
494	3	56	307	57
495	3	306	307	56
496	3	307	308	57
497	3	303	304	53
498	3	47	297	298
499	3	46	296	297
500	3	298	299	48
