1
250
0 	2.5 	 600.0 	 -0.96 		 0.016825
1 	2.5 	 597.6 	 -0.95616 		 0.016825
2 	2.5 	 595.2 	 -0.95232 		 0.016825
3 	2.5 	 592.8 	 -0.94848 		 0.016825
4 	2.5 	 590.4 	 -0.94464 		 0.016825
5 	2.5 	 588.0 	 -0.9408 		 0.016825
6 	2.5 	 585.6 	 -0.93696 		 0.016825
7 	2.5 	 583.2 	 -0.93312 		 0.016825
8 	2.5 	 580.8 	 -0.92928 		 0.016825
9 	2.5 	 578.4 	 -0.92544 		 0.016825
10 	2.5 	 576.0 	 -0.9216 		 0.016825
11 	2.5 	 573.6 	 -0.91776 		 0.016825
12 	2.5 	 571.2 	 -0.91392 		 0.016825
13 	2.5 	 568.8 	 -0.91008 		 0.016825
14 	2.5 	 566.4 	 -0.90624 		 0.016825
15 	2.5 	 564.0 	 -0.9024 		 0.016825
16 	2.5 	 561.6 	 -0.89856 		 0.016825
17 	2.5 	 559.2 	 -0.89472 		 0.016825
18 	2.5 	 556.8 	 -0.89088 		 0.016825
19 	2.5 	 554.4 	 -0.88704 		 0.016825
20 	2.5 	 552.0 	 -0.8832 		 0.016825
21 	2.5 	 549.6 	 -0.87936 		 0.016825
22 	2.5 	 547.2 	 -0.87552 		 0.016825
23 	2.5 	 544.8 	 -0.87168 		 0.016825
24 	2.5 	 542.4 	 -0.86784 		 0.016825
25 	2.5 	 540.0 	 -0.864 		 0.016825
26 	2.5 	 537.6 	 -0.86016 		 0.016825
27 	2.5 	 535.2 	 -0.85632 		 0.016825
28 	2.5 	 532.8 	 -0.85248 		 0.016825
29 	2.5 	 530.4 	 -0.84864 		 0.016825
30 	2.5 	 528.0 	 -0.8448 		 0.016825
31 	2.5 	 525.6 	 -0.84096 		 0.016825
32 	2.5 	 523.2 	 -0.83712 		 0.016825
33 	2.5 	 520.8 	 -0.83328 		 0.016825
34 	2.5 	 518.4 	 -0.82944 		 0.016825
35 	2.5 	 516.0 	 -0.8256 		 0.016825
36 	2.5 	 513.6 	 -0.82176 		 0.016825
37 	2.5 	 511.2 	 -0.81792 		 0.016825
38 	2.5 	 508.8 	 -0.81408 		 0.016825
39 	2.5 	 506.4 	 -0.81024 		 0.016825
40 	2.5 	 504.0 	 -0.8064 		 0.016825
41 	2.5 	 501.6 	 -0.80256 		 0.016825
42 	2.5 	 499.2 	 -0.79872 		 0.016825
43 	2.5 	 496.8 	 -0.79488 		 0.016825
44 	2.5 	 494.4 	 -0.79104 		 0.016825
45 	2.5 	 492.0 	 -0.7872 		 0.016825
46 	2.5 	 489.6 	 -0.78336 		 0.016825
47 	2.5 	 487.2 	 -0.77952 		 0.016825
48 	2.5 	 484.8 	 -0.77568 		 0.016825
49 	2.5 	 482.4 	 -0.77184 		 0.016825
50 	2.5 	 480.0 	 -0.768 		 0.016825
51 	2.5 	 477.6 	 -0.76416 		 0.016825
52 	2.5 	 475.2 	 -0.76032 		 0.016825
53 	2.5 	 472.8 	 -0.75648 		 0.016825
54 	2.5 	 470.4 	 -0.75264 		 0.016825
55 	2.5 	 468.0 	 -0.7488 		 0.016825
56 	2.5 	 465.6 	 -0.74496 		 0.016825
57 	2.5 	 463.2 	 -0.74112 		 0.016825
58 	2.5 	 460.8 	 -0.73728 		 0.016825
59 	2.5 	 458.4 	 -0.73344 		 0.016825
60 	2.5 	 456.0 	 -0.7296 		 0.016825
61 	2.5 	 453.6 	 -0.72576 		 0.016825
62 	2.5 	 451.2 	 -0.72192 		 0.016825
63 	2.5 	 448.8 	 -0.71808 		 0.016825
64 	2.5 	 446.4 	 -0.71424 		 0.016825
65 	2.5 	 444.0 	 -0.7104 		 0.016825
66 	2.5 	 441.6 	 -0.70656 		 0.016825
67 	2.5 	 439.2 	 -0.70272 		 0.016825
68 	2.5 	 436.8 	 -0.69888 		 0.016825
69 	2.5 	 434.4 	 -0.69504 		 0.016825
70 	2.5 	 432.0 	 -0.6912 		 0.016825
71 	2.5 	 429.6 	 -0.68736 		 0.016825
72 	2.5 	 427.2 	 -0.68352 		 0.016825
73 	2.5 	 424.8 	 -0.67968 		 0.016825
74 	2.5 	 422.4 	 -0.67584 		 0.016825
75 	2.5 	 420.0 	 -0.672 		 0.016825
76 	2.5 	 417.6 	 -0.66816 		 0.016825
77 	2.5 	 415.2 	 -0.66432 		 0.016825
78 	2.5 	 412.8 	 -0.66048 		 0.016825
79 	2.5 	 410.4 	 -0.65664 		 0.016825
80 	2.5 	 408.0 	 -0.6528 		 0.016825
81 	2.5 	 405.6 	 -0.64896 		 0.016825
82 	2.5 	 403.2 	 -0.64512 		 0.016825
83 	2.5 	 400.8 	 -0.64128 		 0.016825
84 	2.5 	 398.4 	 -0.63744 		 0.016825
85 	2.5 	 396.0 	 -0.6336 		 0.016825
86 	2.5 	 393.6 	 -0.62976 		 0.016825
87 	2.5 	 391.2 	 -0.62592 		 0.016825
88 	2.5 	 388.8 	 -0.62208 		 0.016825
89 	2.5 	 386.4 	 -0.61824 		 0.016825
90 	2.5 	 384.0 	 -0.6144 		 0.016825
91 	2.5 	 381.6 	 -0.61056 		 0.016825
92 	2.5 	 379.2 	 -0.60672 		 0.016825
93 	2.5 	 376.8 	 -0.60288 		 0.016825
94 	2.5 	 374.4 	 -0.59904 		 0.016825
95 	2.5 	 372.0 	 -0.5952 		 0.016825
96 	2.5 	 369.6 	 -0.59136 		 0.016825
97 	2.5 	 367.2 	 -0.58752 		 0.016825
98 	2.5 	 364.8 	 -0.58368 		 0.016825
99 	2.5 	 362.4 	 -0.57984 		 0.016825
100 	2.5 	 360.0 	 -0.576 		 0.016825
101 	2.5 	 357.6 	 -0.57216 		 0.016825
102 	2.5 	 355.2 	 -0.56832 		 0.016825
103 	2.5 	 352.8 	 -0.56448 		 0.016825
104 	2.5 	 350.4 	 -0.56064 		 0.016825
105 	2.5 	 348.0 	 -0.5568 		 0.016825
106 	2.5 	 345.6 	 -0.55296 		 0.016825
107 	2.5 	 343.2 	 -0.54912 		 0.016825
108 	2.5 	 340.8 	 -0.54528 		 0.016825
109 	2.5 	 338.4 	 -0.54144 		 0.016825
110 	2.5 	 336.0 	 -0.5376 		 0.016825
111 	2.5 	 333.6 	 -0.53376 		 0.016825
112 	2.5 	 331.2 	 -0.52992 		 0.016825
113 	2.5 	 328.8 	 -0.52608 		 0.016825
114 	2.5 	 326.4 	 -0.52224 		 0.016825
115 	2.5 	 324.0 	 -0.5184 		 0.016825
116 	2.5 	 321.6 	 -0.51456 		 0.016825
117 	2.5 	 319.2 	 -0.51072 		 0.016825
118 	2.5 	 316.8 	 -0.50688 		 0.016825
119 	2.5 	 314.4 	 -0.50304 		 0.016825
120 	2.5 	 312.0 	 -0.4992 		 0.016825
121 	2.5 	 309.6 	 -0.49536 		 0.016825
122 	2.5 	 307.2 	 -0.49152 		 0.016825
123 	2.5 	 304.8 	 -0.48768 		 0.016825
124 	2.5 	 302.4 	 -0.48384 		 0.016825
125 	2.5 	 300.0 	 -0.48 		 0.016825
126 	2.5 	 297.6 	 -0.47616 		 0.016825
127 	2.5 	 295.2 	 -0.47232 		 0.016825
128 	2.5 	 292.8 	 -0.46848 		 0.016825
129 	2.5 	 290.4 	 -0.46464 		 0.016825
130 	2.5 	 288.0 	 -0.4608 		 0.016825
131 	2.5 	 285.6 	 -0.45696 		 0.016825
132 	2.5 	 283.2 	 -0.45312 		 0.016825
133 	2.5 	 280.8 	 -0.44928 		 0.016825
134 	2.5 	 278.4 	 -0.44544 		 0.016825
135 	2.5 	 276.0 	 -0.4416 		 0.016825
136 	2.5 	 273.6 	 -0.43776 		 0.016825
137 	2.5 	 271.2 	 -0.43392 		 0.016825
138 	2.5 	 268.8 	 -0.43008 		 0.016825
139 	2.5 	 266.4 	 -0.42624 		 0.016825
140 	2.5 	 264.0 	 -0.4224 		 0.016825
141 	2.5 	 261.6 	 -0.41856 		 0.016825
142 	2.5 	 259.2 	 -0.41472 		 0.016825
143 	2.5 	 256.8 	 -0.41088 		 0.016825
144 	2.5 	 254.4 	 -0.40704 		 0.016825
145 	2.5 	 252.0 	 -0.4032 		 0.016825
146 	2.5 	 249.6 	 -0.39936 		 0.016825
147 	2.5 	 247.2 	 -0.39552 		 0.016825
148 	2.5 	 244.8 	 -0.39168 		 0.016825
149 	2.5 	 242.4 	 -0.38784 		 0.016825
150 	2.5 	 240.0 	 -0.384 		 0.016825
151 	2.5 	 237.6 	 -0.38016 		 0.016825
152 	2.5 	 235.2 	 -0.37632 		 0.016825
153 	2.5 	 232.8 	 -0.37248 		 0.016825
154 	2.5 	 230.4 	 -0.36864 		 0.016825
155 	2.5 	 228.0 	 -0.3648 		 0.016825
156 	2.5 	 225.6 	 -0.36096 		 0.016825
157 	2.5 	 223.2 	 -0.35712 		 0.016825
158 	2.5 	 220.8 	 -0.35328 		 0.016825
159 	2.5 	 218.4 	 -0.34944 		 0.016825
160 	2.5 	 216.0 	 -0.3456 		 0.016825
161 	2.5 	 213.6 	 -0.34176 		 0.016825
162 	2.5 	 211.2 	 -0.33792 		 0.016825
163 	2.5 	 208.8 	 -0.33408 		 0.016825
164 	2.5 	 206.4 	 -0.33024 		 0.016825
165 	2.5 	 204.0 	 -0.3264 		 0.016825
166 	2.5 	 201.6 	 -0.32256 		 0.016825
167 	2.5 	 199.2 	 -0.31872 		 0.016825
168 	2.5 	 196.8 	 -0.31488 		 0.016825
169 	2.5 	 194.4 	 -0.31104 		 0.016825
170 	2.5 	 192.0 	 -0.3072 		 0.016825
171 	2.5 	 189.6 	 -0.30336 		 0.016825
172 	2.5 	 187.2 	 -0.29952 		 0.016825
173 	2.5 	 184.8 	 -0.29568 		 0.016825
174 	2.5 	 182.4 	 -0.29184 		 0.016825
175 	2.5 	 180.0 	 -0.288 		 0.016825
176 	2.5 	 177.6 	 -0.28416 		 0.016825
177 	2.5 	 175.2 	 -0.28032 		 0.016825
178 	2.5 	 172.8 	 -0.27648 		 0.016825
179 	2.5 	 170.4 	 -0.27264 		 0.016825
180 	2.5 	 168.0 	 -0.2688 		 0.016825
181 	2.5 	 165.6 	 -0.26496 		 0.016825
182 	2.5 	 163.2 	 -0.26112 		 0.016825
183 	2.5 	 160.8 	 -0.25728 		 0.016825
184 	2.5 	 158.4 	 -0.25344 		 0.016825
185 	2.5 	 156.0 	 -0.2496 		 0.016825
186 	2.5 	 153.6 	 -0.24576 		 0.016825
187 	2.5 	 151.2 	 -0.24192 		 0.016825
188 	2.5 	 148.8 	 -0.23808 		 0.016825
189 	2.5 	 146.4 	 -0.23424 		 0.016825
190 	2.5 	 144.0 	 -0.2304 		 0.016825
191 	2.5 	 141.6 	 -0.22656 		 0.016825
192 	2.5 	 139.2 	 -0.22272 		 0.016825
193 	2.5 	 136.8 	 -0.21888 		 0.016825
194 	2.5 	 134.4 	 -0.21504 		 0.016825
195 	2.5 	 132.0 	 -0.2112 		 0.016825
196 	2.5 	 129.6 	 -0.20736 		 0.016825
197 	2.5 	 127.2 	 -0.20352 		 0.016825
198 	2.5 	 124.8 	 -0.19968 		 0.016825
199 	2.5 	 122.4 	 -0.19584 		 0.016825
200 	2.5 	 120.0 	 -0.192 		 0.016825
201 	2.5 	 117.6 	 -0.18816 		 0.016825
202 	2.5 	 115.2 	 -0.18432 		 0.016825
203 	2.5 	 112.8 	 -0.18048 		 0.016825
204 	2.5 	 110.4 	 -0.17664 		 0.016825
205 	2.5 	 108.0 	 -0.1728 		 0.016825
206 	2.5 	 105.6 	 -0.16896 		 0.016825
207 	2.5 	 103.2 	 -0.16512 		 0.016825
208 	2.5 	 100.8 	 -0.16128 		 0.016825
209 	2.5 	 98.4 	 -0.15744 		 0.016825
210 	2.5 	 96.0 	 -0.1536 		 0.016825
211 	2.5 	 93.6 	 -0.14976 		 0.016825
212 	2.5 	 91.2 	 -0.14592 		 0.016825
213 	2.5 	 88.8 	 -0.14208 		 0.016825
214 	2.5 	 86.4 	 -0.13824 		 0.016825
215 	2.5 	 84.0 	 -0.1344 		 0.016825
216 	2.5 	 81.6 	 -0.13056 		 0.016825
217 	2.5 	 79.2 	 -0.12672 		 0.016825
218 	2.5 	 76.8 	 -0.12288 		 0.016825
219 	2.5 	 74.4 	 -0.11904 		 0.016825
220 	2.5 	 72.0 	 -0.1152 		 0.016825
221 	2.5 	 69.6 	 -0.11136 		 0.016825
222 	2.5 	 67.2 	 -0.10752 		 0.016825
223 	2.5 	 64.8 	 -0.10368 		 0.016825
224 	2.5 	 62.4 	 -0.09984 		 0.016825
225 	2.5 	 60.0 	 -0.096 		 0.016825
226 	2.5 	 57.6 	 -0.09216 		 0.016825
227 	2.5 	 55.2 	 -0.08832 		 0.016825
228 	2.5 	 52.8 	 -0.08448 		 0.016825
229 	2.5 	 50.4 	 -0.08064 		 0.016825
230 	2.5 	 48.0 	 -0.0768 		 0.016825
231 	2.5 	 45.6 	 -0.07296 		 0.016825
232 	2.5 	 43.2 	 -0.06912 		 0.016825
233 	2.5 	 40.8 	 -0.06528 		 0.016825
234 	2.5 	 38.4 	 -0.06144 		 0.016825
235 	2.5 	 36.0 	 -0.0576 		 0.016825
236 	2.5 	 33.6 	 -0.05376 		 0.016825
237 	2.5 	 31.2 	 -0.04992 		 0.016825
238 	2.5 	 28.8 	 -0.04608 		 0.016825
239 	2.5 	 26.4 	 -0.04224 		 0.016825
240 	2.5 	 24.0 	 -0.0384 		 0.016825
241 	2.5 	 21.6 	 -0.03456 		 0.016825
242 	2.5 	 19.2 	 -0.03072 		 0.016825
243 	2.5 	 16.8 	 -0.02688 		 0.016825
244 	2.5 	 14.4 	 -0.02304 		 0.016825
245 	2.5 	 12.0 	 -0.0192 		 0.016825
246 	2.5 	 9.6 	 -0.01536 		 0.016825
247 	2.5 	 7.2 	 -0.01152 		 0.016825
248 	2.5 	 4.8 	 -0.00768 		 0.016825
249 	2.5 	 2.4 	 -0.00384 		 0.016825
250 	2.5 	 2.82351919623e-12 	 -4.53369980447e-15 		 0.016825
 
0 0 0
