1
400
0 	2.5 	 600.0 	 -0.96 		 0.016825
1 	2.5 	 598.5 	 -0.9576 		 0.016825
2 	2.5 	 597.0 	 -0.9552 		 0.016825
3 	2.5 	 595.5 	 -0.9528 		 0.016825
4 	2.5 	 594.0 	 -0.9504 		 0.016825
5 	2.5 	 592.5 	 -0.948 		 0.016825
6 	2.5 	 591.0 	 -0.9456 		 0.016825
7 	2.5 	 589.5 	 -0.9432 		 0.016825
8 	2.5 	 588.0 	 -0.9408 		 0.016825
9 	2.5 	 586.5 	 -0.9384 		 0.016825
10 	2.5 	 585.0 	 -0.936 		 0.016825
11 	2.5 	 583.5 	 -0.9336 		 0.016825
12 	2.5 	 582.0 	 -0.9312 		 0.016825
13 	2.5 	 580.5 	 -0.9288 		 0.016825
14 	2.5 	 579.0 	 -0.9264 		 0.016825
15 	2.5 	 577.5 	 -0.924 		 0.016825
16 	2.5 	 576.0 	 -0.9216 		 0.016825
17 	2.5 	 574.5 	 -0.9192 		 0.016825
18 	2.5 	 573.0 	 -0.9168 		 0.016825
19 	2.5 	 571.5 	 -0.9144 		 0.016825
20 	2.5 	 570.0 	 -0.912 		 0.016825
21 	2.5 	 568.5 	 -0.9096 		 0.016825
22 	2.5 	 567.0 	 -0.9072 		 0.016825
23 	2.5 	 565.5 	 -0.9048 		 0.016825
24 	2.5 	 564.0 	 -0.9024 		 0.016825
25 	2.5 	 562.5 	 -0.9 		 0.016825
26 	2.5 	 561.0 	 -0.8976 		 0.016825
27 	2.5 	 559.5 	 -0.8952 		 0.016825
28 	2.5 	 558.0 	 -0.8928 		 0.016825
29 	2.5 	 556.5 	 -0.8904 		 0.016825
30 	2.5 	 555.0 	 -0.888 		 0.016825
31 	2.5 	 553.5 	 -0.8856 		 0.016825
32 	2.5 	 552.0 	 -0.8832 		 0.016825
33 	2.5 	 550.5 	 -0.8808 		 0.016825
34 	2.5 	 549.0 	 -0.8784 		 0.016825
35 	2.5 	 547.5 	 -0.876 		 0.016825
36 	2.5 	 546.0 	 -0.8736 		 0.016825
37 	2.5 	 544.5 	 -0.8712 		 0.016825
38 	2.5 	 543.0 	 -0.8688 		 0.016825
39 	2.5 	 541.5 	 -0.8664 		 0.016825
40 	2.5 	 540.0 	 -0.864 		 0.016825
41 	2.5 	 538.5 	 -0.8616 		 0.016825
42 	2.5 	 537.0 	 -0.8592 		 0.016825
43 	2.5 	 535.5 	 -0.8568 		 0.016825
44 	2.5 	 534.0 	 -0.8544 		 0.016825
45 	2.5 	 532.5 	 -0.852 		 0.016825
46 	2.5 	 531.0 	 -0.8496 		 0.016825
47 	2.5 	 529.5 	 -0.8472 		 0.016825
48 	2.5 	 528.0 	 -0.8448 		 0.016825
49 	2.5 	 526.5 	 -0.8424 		 0.016825
50 	2.5 	 525.0 	 -0.84 		 0.016825
51 	2.5 	 523.5 	 -0.8376 		 0.016825
52 	2.5 	 522.0 	 -0.8352 		 0.016825
53 	2.5 	 520.5 	 -0.8328 		 0.016825
54 	2.5 	 519.0 	 -0.8304 		 0.016825
55 	2.5 	 517.5 	 -0.828 		 0.016825
56 	2.5 	 516.0 	 -0.8256 		 0.016825
57 	2.5 	 514.5 	 -0.8232 		 0.016825
58 	2.5 	 513.0 	 -0.8208 		 0.016825
59 	2.5 	 511.5 	 -0.8184 		 0.016825
60 	2.5 	 510.0 	 -0.816 		 0.016825
61 	2.5 	 508.5 	 -0.8136 		 0.016825
62 	2.5 	 507.0 	 -0.8112 		 0.016825
63 	2.5 	 505.5 	 -0.8088 		 0.016825
64 	2.5 	 504.0 	 -0.8064 		 0.016825
65 	2.5 	 502.5 	 -0.804 		 0.016825
66 	2.5 	 501.0 	 -0.8016 		 0.016825
67 	2.5 	 499.5 	 -0.7992 		 0.016825
68 	2.5 	 498.0 	 -0.7968 		 0.016825
69 	2.5 	 496.5 	 -0.7944 		 0.016825
70 	2.5 	 495.0 	 -0.792 		 0.016825
71 	2.5 	 493.5 	 -0.7896 		 0.016825
72 	2.5 	 492.0 	 -0.7872 		 0.016825
73 	2.5 	 490.5 	 -0.7848 		 0.016825
74 	2.5 	 489.0 	 -0.7824 		 0.016825
75 	2.5 	 487.5 	 -0.78 		 0.016825
76 	2.5 	 486.0 	 -0.7776 		 0.016825
77 	2.5 	 484.5 	 -0.7752 		 0.016825
78 	2.5 	 483.0 	 -0.7728 		 0.016825
79 	2.5 	 481.5 	 -0.7704 		 0.016825
80 	2.5 	 480.0 	 -0.768 		 0.016825
81 	2.5 	 478.5 	 -0.7656 		 0.016825
82 	2.5 	 477.0 	 -0.7632 		 0.016825
83 	2.5 	 475.5 	 -0.7608 		 0.016825
84 	2.5 	 474.0 	 -0.7584 		 0.016825
85 	2.5 	 472.5 	 -0.756 		 0.016825
86 	2.5 	 471.0 	 -0.7536 		 0.016825
87 	2.5 	 469.5 	 -0.7512 		 0.016825
88 	2.5 	 468.0 	 -0.7488 		 0.016825
89 	2.5 	 466.5 	 -0.7464 		 0.016825
90 	2.5 	 465.0 	 -0.744 		 0.016825
91 	2.5 	 463.5 	 -0.7416 		 0.016825
92 	2.5 	 462.0 	 -0.7392 		 0.016825
93 	2.5 	 460.5 	 -0.7368 		 0.016825
94 	2.5 	 459.0 	 -0.7344 		 0.016825
95 	2.5 	 457.5 	 -0.732 		 0.016825
96 	2.5 	 456.0 	 -0.7296 		 0.016825
97 	2.5 	 454.5 	 -0.7272 		 0.016825
98 	2.5 	 453.0 	 -0.7248 		 0.016825
99 	2.5 	 451.5 	 -0.7224 		 0.016825
100 	2.5 	 450.0 	 -0.72 		 0.016825
101 	2.5 	 448.5 	 -0.7176 		 0.016825
102 	2.5 	 447.0 	 -0.7152 		 0.016825
103 	2.5 	 445.5 	 -0.7128 		 0.016825
104 	2.5 	 444.0 	 -0.7104 		 0.016825
105 	2.5 	 442.5 	 -0.708 		 0.016825
106 	2.5 	 441.0 	 -0.7056 		 0.016825
107 	2.5 	 439.5 	 -0.7032 		 0.016825
108 	2.5 	 438.0 	 -0.7008 		 0.016825
109 	2.5 	 436.5 	 -0.6984 		 0.016825
110 	2.5 	 435.0 	 -0.696 		 0.016825
111 	2.5 	 433.5 	 -0.6936 		 0.016825
112 	2.5 	 432.0 	 -0.6912 		 0.016825
113 	2.5 	 430.5 	 -0.6888 		 0.016825
114 	2.5 	 429.0 	 -0.6864 		 0.016825
115 	2.5 	 427.5 	 -0.684 		 0.016825
116 	2.5 	 426.0 	 -0.6816 		 0.016825
117 	2.5 	 424.5 	 -0.6792 		 0.016825
118 	2.5 	 423.0 	 -0.6768 		 0.016825
119 	2.5 	 421.5 	 -0.6744 		 0.016825
120 	2.5 	 420.0 	 -0.672 		 0.016825
121 	2.5 	 418.5 	 -0.6696 		 0.016825
122 	2.5 	 417.0 	 -0.6672 		 0.016825
123 	2.5 	 415.5 	 -0.6648 		 0.016825
124 	2.5 	 414.0 	 -0.6624 		 0.016825
125 	2.5 	 412.5 	 -0.66 		 0.016825
126 	2.5 	 411.0 	 -0.6576 		 0.016825
127 	2.5 	 409.5 	 -0.6552 		 0.016825
128 	2.5 	 408.0 	 -0.6528 		 0.016825
129 	2.5 	 406.5 	 -0.6504 		 0.016825
130 	2.5 	 405.0 	 -0.648 		 0.016825
131 	2.5 	 403.5 	 -0.6456 		 0.016825
132 	2.5 	 402.0 	 -0.6432 		 0.016825
133 	2.5 	 400.5 	 -0.6408 		 0.016825
134 	2.5 	 399.0 	 -0.6384 		 0.016825
135 	2.5 	 397.5 	 -0.636 		 0.016825
136 	2.5 	 396.0 	 -0.6336 		 0.016825
137 	2.5 	 394.5 	 -0.6312 		 0.016825
138 	2.5 	 393.0 	 -0.6288 		 0.016825
139 	2.5 	 391.5 	 -0.6264 		 0.016825
140 	2.5 	 390.0 	 -0.624 		 0.016825
141 	2.5 	 388.5 	 -0.6216 		 0.016825
142 	2.5 	 387.0 	 -0.6192 		 0.016825
143 	2.5 	 385.5 	 -0.6168 		 0.016825
144 	2.5 	 384.0 	 -0.6144 		 0.016825
145 	2.5 	 382.5 	 -0.612 		 0.016825
146 	2.5 	 381.0 	 -0.6096 		 0.016825
147 	2.5 	 379.5 	 -0.6072 		 0.016825
148 	2.5 	 378.0 	 -0.6048 		 0.016825
149 	2.5 	 376.5 	 -0.6024 		 0.016825
150 	2.5 	 375.0 	 -0.6 		 0.016825
151 	2.5 	 373.5 	 -0.5976 		 0.016825
152 	2.5 	 372.0 	 -0.5952 		 0.016825
153 	2.5 	 370.5 	 -0.5928 		 0.016825
154 	2.5 	 369.0 	 -0.5904 		 0.016825
155 	2.5 	 367.5 	 -0.588 		 0.016825
156 	2.5 	 366.0 	 -0.5856 		 0.016825
157 	2.5 	 364.5 	 -0.5832 		 0.016825
158 	2.5 	 363.0 	 -0.5808 		 0.016825
159 	2.5 	 361.5 	 -0.5784 		 0.016825
160 	2.5 	 360.0 	 -0.576 		 0.016825
161 	2.5 	 358.5 	 -0.5736 		 0.016825
162 	2.5 	 357.0 	 -0.5712 		 0.016825
163 	2.5 	 355.5 	 -0.5688 		 0.016825
164 	2.5 	 354.0 	 -0.5664 		 0.016825
165 	2.5 	 352.5 	 -0.564 		 0.016825
166 	2.5 	 351.0 	 -0.5616 		 0.016825
167 	2.5 	 349.5 	 -0.5592 		 0.016825
168 	2.5 	 348.0 	 -0.5568 		 0.016825
169 	2.5 	 346.5 	 -0.5544 		 0.016825
170 	2.5 	 345.0 	 -0.552 		 0.016825
171 	2.5 	 343.5 	 -0.5496 		 0.016825
172 	2.5 	 342.0 	 -0.5472 		 0.016825
173 	2.5 	 340.5 	 -0.5448 		 0.016825
174 	2.5 	 339.0 	 -0.5424 		 0.016825
175 	2.5 	 337.5 	 -0.54 		 0.016825
176 	2.5 	 336.0 	 -0.5376 		 0.016825
177 	2.5 	 334.5 	 -0.5352 		 0.016825
178 	2.5 	 333.0 	 -0.5328 		 0.016825
179 	2.5 	 331.5 	 -0.5304 		 0.016825
180 	2.5 	 330.0 	 -0.528 		 0.016825
181 	2.5 	 328.5 	 -0.5256 		 0.016825
182 	2.5 	 327.0 	 -0.5232 		 0.016825
183 	2.5 	 325.5 	 -0.5208 		 0.016825
184 	2.5 	 324.0 	 -0.5184 		 0.016825
185 	2.5 	 322.5 	 -0.516 		 0.016825
186 	2.5 	 321.0 	 -0.5136 		 0.016825
187 	2.5 	 319.5 	 -0.5112 		 0.016825
188 	2.5 	 318.0 	 -0.5088 		 0.016825
189 	2.5 	 316.5 	 -0.5064 		 0.016825
190 	2.5 	 315.0 	 -0.504 		 0.016825
191 	2.5 	 313.5 	 -0.5016 		 0.016825
192 	2.5 	 312.0 	 -0.4992 		 0.016825
193 	2.5 	 310.5 	 -0.4968 		 0.016825
194 	2.5 	 309.0 	 -0.4944 		 0.016825
195 	2.5 	 307.5 	 -0.492 		 0.016825
196 	2.5 	 306.0 	 -0.4896 		 0.016825
197 	2.5 	 304.5 	 -0.4872 		 0.016825
198 	2.5 	 303.0 	 -0.4848 		 0.016825
199 	2.5 	 301.5 	 -0.4824 		 0.016825
200 	2.5 	 300.0 	 -0.48 		 0.016825
201 	2.5 	 298.5 	 -0.4776 		 0.016825
202 	2.5 	 297.0 	 -0.4752 		 0.016825
203 	2.5 	 295.5 	 -0.4728 		 0.016825
204 	2.5 	 294.0 	 -0.4704 		 0.016825
205 	2.5 	 292.5 	 -0.468 		 0.016825
206 	2.5 	 291.0 	 -0.4656 		 0.016825
207 	2.5 	 289.5 	 -0.4632 		 0.016825
208 	2.5 	 288.0 	 -0.4608 		 0.016825
209 	2.5 	 286.5 	 -0.4584 		 0.016825
210 	2.5 	 285.0 	 -0.456 		 0.016825
211 	2.5 	 283.5 	 -0.4536 		 0.016825
212 	2.5 	 282.0 	 -0.4512 		 0.016825
213 	2.5 	 280.5 	 -0.4488 		 0.016825
214 	2.5 	 279.0 	 -0.4464 		 0.016825
215 	2.5 	 277.5 	 -0.444 		 0.016825
216 	2.5 	 276.0 	 -0.4416 		 0.016825
217 	2.5 	 274.5 	 -0.4392 		 0.016825
218 	2.5 	 273.0 	 -0.4368 		 0.016825
219 	2.5 	 271.5 	 -0.4344 		 0.016825
220 	2.5 	 270.0 	 -0.432 		 0.016825
221 	2.5 	 268.5 	 -0.4296 		 0.016825
222 	2.5 	 267.0 	 -0.4272 		 0.016825
223 	2.5 	 265.5 	 -0.4248 		 0.016825
224 	2.5 	 264.0 	 -0.4224 		 0.016825
225 	2.5 	 262.5 	 -0.42 		 0.016825
226 	2.5 	 261.0 	 -0.4176 		 0.016825
227 	2.5 	 259.5 	 -0.4152 		 0.016825
228 	2.5 	 258.0 	 -0.4128 		 0.016825
229 	2.5 	 256.5 	 -0.4104 		 0.016825
230 	2.5 	 255.0 	 -0.408 		 0.016825
231 	2.5 	 253.5 	 -0.4056 		 0.016825
232 	2.5 	 252.0 	 -0.4032 		 0.016825
233 	2.5 	 250.5 	 -0.4008 		 0.016825
234 	2.5 	 249.0 	 -0.3984 		 0.016825
235 	2.5 	 247.5 	 -0.396 		 0.016825
236 	2.5 	 246.0 	 -0.3936 		 0.016825
237 	2.5 	 244.5 	 -0.3912 		 0.016825
238 	2.5 	 243.0 	 -0.3888 		 0.016825
239 	2.5 	 241.5 	 -0.3864 		 0.016825
240 	2.5 	 240.0 	 -0.384 		 0.016825
241 	2.5 	 238.5 	 -0.3816 		 0.016825
242 	2.5 	 237.0 	 -0.3792 		 0.016825
243 	2.5 	 235.5 	 -0.3768 		 0.016825
244 	2.5 	 234.0 	 -0.3744 		 0.016825
245 	2.5 	 232.5 	 -0.372 		 0.016825
246 	2.5 	 231.0 	 -0.3696 		 0.016825
247 	2.5 	 229.5 	 -0.3672 		 0.016825
248 	2.5 	 228.0 	 -0.3648 		 0.016825
249 	2.5 	 226.5 	 -0.3624 		 0.016825
250 	2.5 	 225.0 	 -0.36 		 0.016825
251 	2.5 	 223.5 	 -0.3576 		 0.016825
252 	2.5 	 222.0 	 -0.3552 		 0.016825
253 	2.5 	 220.5 	 -0.3528 		 0.016825
254 	2.5 	 219.0 	 -0.3504 		 0.016825
255 	2.5 	 217.5 	 -0.348 		 0.016825
256 	2.5 	 216.0 	 -0.3456 		 0.016825
257 	2.5 	 214.5 	 -0.3432 		 0.016825
258 	2.5 	 213.0 	 -0.3408 		 0.016825
259 	2.5 	 211.5 	 -0.3384 		 0.016825
260 	2.5 	 210.0 	 -0.336 		 0.016825
261 	2.5 	 208.5 	 -0.3336 		 0.016825
262 	2.5 	 207.0 	 -0.3312 		 0.016825
263 	2.5 	 205.5 	 -0.3288 		 0.016825
264 	2.5 	 204.0 	 -0.3264 		 0.016825
265 	2.5 	 202.5 	 -0.324 		 0.016825
266 	2.5 	 201.0 	 -0.3216 		 0.016825
267 	2.5 	 199.5 	 -0.3192 		 0.016825
268 	2.5 	 198.0 	 -0.3168 		 0.016825
269 	2.5 	 196.5 	 -0.3144 		 0.016825
270 	2.5 	 195.0 	 -0.312 		 0.016825
271 	2.5 	 193.5 	 -0.3096 		 0.016825
272 	2.5 	 192.0 	 -0.3072 		 0.016825
273 	2.5 	 190.5 	 -0.3048 		 0.016825
274 	2.5 	 189.0 	 -0.3024 		 0.016825
275 	2.5 	 187.5 	 -0.3 		 0.016825
276 	2.5 	 186.0 	 -0.2976 		 0.016825
277 	2.5 	 184.5 	 -0.2952 		 0.016825
278 	2.5 	 183.0 	 -0.2928 		 0.016825
279 	2.5 	 181.5 	 -0.2904 		 0.016825
280 	2.5 	 180.0 	 -0.288 		 0.016825
281 	2.5 	 178.5 	 -0.2856 		 0.016825
282 	2.5 	 177.0 	 -0.2832 		 0.016825
283 	2.5 	 175.5 	 -0.2808 		 0.016825
284 	2.5 	 174.0 	 -0.2784 		 0.016825
285 	2.5 	 172.5 	 -0.276 		 0.016825
286 	2.5 	 171.0 	 -0.2736 		 0.016825
287 	2.5 	 169.5 	 -0.2712 		 0.016825
288 	2.5 	 168.0 	 -0.2688 		 0.016825
289 	2.5 	 166.5 	 -0.2664 		 0.016825
290 	2.5 	 165.0 	 -0.264 		 0.016825
291 	2.5 	 163.5 	 -0.2616 		 0.016825
292 	2.5 	 162.0 	 -0.2592 		 0.016825
293 	2.5 	 160.5 	 -0.2568 		 0.016825
294 	2.5 	 159.0 	 -0.2544 		 0.016825
295 	2.5 	 157.5 	 -0.252 		 0.016825
296 	2.5 	 156.0 	 -0.2496 		 0.016825
297 	2.5 	 154.5 	 -0.2472 		 0.016825
298 	2.5 	 153.0 	 -0.2448 		 0.016825
299 	2.5 	 151.5 	 -0.2424 		 0.016825
300 	2.5 	 150.0 	 -0.24 		 0.016825
301 	2.5 	 148.5 	 -0.2376 		 0.016825
302 	2.5 	 147.0 	 -0.2352 		 0.016825
303 	2.5 	 145.5 	 -0.2328 		 0.016825
304 	2.5 	 144.0 	 -0.2304 		 0.016825
305 	2.5 	 142.5 	 -0.228 		 0.016825
306 	2.5 	 141.0 	 -0.2256 		 0.016825
307 	2.5 	 139.5 	 -0.2232 		 0.016825
308 	2.5 	 138.0 	 -0.2208 		 0.016825
309 	2.5 	 136.5 	 -0.2184 		 0.016825
310 	2.5 	 135.0 	 -0.216 		 0.016825
311 	2.5 	 133.5 	 -0.2136 		 0.016825
312 	2.5 	 132.0 	 -0.2112 		 0.016825
313 	2.5 	 130.5 	 -0.2088 		 0.016825
314 	2.5 	 129.0 	 -0.2064 		 0.016825
315 	2.5 	 127.5 	 -0.204 		 0.016825
316 	2.5 	 126.0 	 -0.2016 		 0.016825
317 	2.5 	 124.5 	 -0.1992 		 0.016825
318 	2.5 	 123.0 	 -0.1968 		 0.016825
319 	2.5 	 121.5 	 -0.1944 		 0.016825
320 	2.5 	 120.0 	 -0.192 		 0.016825
321 	2.5 	 118.5 	 -0.1896 		 0.016825
322 	2.5 	 117.0 	 -0.1872 		 0.016825
323 	2.5 	 115.5 	 -0.1848 		 0.016825
324 	2.5 	 114.0 	 -0.1824 		 0.016825
325 	2.5 	 112.5 	 -0.18 		 0.016825
326 	2.5 	 111.0 	 -0.1776 		 0.016825
327 	2.5 	 109.5 	 -0.1752 		 0.016825
328 	2.5 	 108.0 	 -0.1728 		 0.016825
329 	2.5 	 106.5 	 -0.1704 		 0.016825
330 	2.5 	 105.0 	 -0.168 		 0.016825
331 	2.5 	 103.5 	 -0.1656 		 0.016825
332 	2.5 	 102.0 	 -0.1632 		 0.016825
333 	2.5 	 100.5 	 -0.1608 		 0.016825
334 	2.5 	 99.0 	 -0.1584 		 0.016825
335 	2.5 	 97.5 	 -0.156 		 0.016825
336 	2.5 	 96.0 	 -0.1536 		 0.016825
337 	2.5 	 94.5 	 -0.1512 		 0.016825
338 	2.5 	 93.0 	 -0.1488 		 0.016825
339 	2.5 	 91.5 	 -0.1464 		 0.016825
340 	2.5 	 90.0 	 -0.144 		 0.016825
341 	2.5 	 88.5 	 -0.1416 		 0.016825
342 	2.5 	 87.0 	 -0.1392 		 0.016825
343 	2.5 	 85.5 	 -0.1368 		 0.016825
344 	2.5 	 84.0 	 -0.1344 		 0.016825
345 	2.5 	 82.5 	 -0.132 		 0.016825
346 	2.5 	 81.0 	 -0.1296 		 0.016825
347 	2.5 	 79.5 	 -0.1272 		 0.016825
348 	2.5 	 78.0 	 -0.1248 		 0.016825
349 	2.5 	 76.5 	 -0.1224 		 0.016825
350 	2.5 	 75.0 	 -0.12 		 0.016825
351 	2.5 	 73.5 	 -0.1176 		 0.016825
352 	2.5 	 72.0 	 -0.1152 		 0.016825
353 	2.5 	 70.5 	 -0.1128 		 0.016825
354 	2.5 	 69.0 	 -0.1104 		 0.016825
355 	2.5 	 67.5 	 -0.108 		 0.016825
356 	2.5 	 66.0 	 -0.1056 		 0.016825
357 	2.5 	 64.5 	 -0.1032 		 0.016825
358 	2.5 	 63.0 	 -0.1008 		 0.016825
359 	2.5 	 61.5 	 -0.0984 		 0.016825
360 	2.5 	 60.0 	 -0.096 		 0.016825
361 	2.5 	 58.5 	 -0.0936 		 0.016825
362 	2.5 	 57.0 	 -0.0912 		 0.016825
363 	2.5 	 55.5 	 -0.0888 		 0.016825
364 	2.5 	 54.0 	 -0.0864 		 0.016825
365 	2.5 	 52.5 	 -0.084 		 0.016825
366 	2.5 	 51.0 	 -0.0816 		 0.016825
367 	2.5 	 49.5 	 -0.0792 		 0.016825
368 	2.5 	 48.0 	 -0.0768 		 0.016825
369 	2.5 	 46.5 	 -0.0744 		 0.016825
370 	2.5 	 45.0 	 -0.072 		 0.016825
371 	2.5 	 43.5 	 -0.0696 		 0.016825
372 	2.5 	 42.0 	 -0.0672 		 0.016825
373 	2.5 	 40.5 	 -0.0648 		 0.016825
374 	2.5 	 39.0 	 -0.0624 		 0.016825
375 	2.5 	 37.5 	 -0.06 		 0.016825
376 	2.5 	 36.0 	 -0.0576 		 0.016825
377 	2.5 	 34.5 	 -0.0552 		 0.016825
378 	2.5 	 33.0 	 -0.0528 		 0.016825
379 	2.5 	 31.5 	 -0.0504 		 0.016825
380 	2.5 	 30.0 	 -0.048 		 0.016825
381 	2.5 	 28.5 	 -0.0456 		 0.016825
382 	2.5 	 27.0 	 -0.0432 		 0.016825
383 	2.5 	 25.5 	 -0.0408 		 0.016825
384 	2.5 	 24.0 	 -0.0384 		 0.016825
385 	2.5 	 22.5 	 -0.036 		 0.016825
386 	2.5 	 21.0 	 -0.0336 		 0.016825
387 	2.5 	 19.5 	 -0.0312 		 0.016825
388 	2.5 	 18.0 	 -0.0288 		 0.016825
389 	2.5 	 16.5 	 -0.0264 		 0.016825
390 	2.5 	 15.0 	 -0.024 		 0.016825
391 	2.5 	 13.5 	 -0.0216 		 0.016825
392 	2.5 	 12.0 	 -0.0192 		 0.016825
393 	2.5 	 10.5 	 -0.0168 		 0.016825
394 	2.5 	 9.0 	 -0.0144 		 0.016825
395 	2.5 	 7.5 	 -0.012 		 0.016825
396 	2.5 	 6.0 	 -0.00960000000001 		 0.016825
397 	2.5 	 4.5 	 -0.00720000000001 		 0.016825
398 	2.5 	 3.0 	 -0.00480000000001 		 0.016825
399 	2.5 	 1.5 	 -0.00240000000001 		 0.016825
400 	2.5 	 0.0 	 -6.11663497629e-15 		 0.016825
 
0 0 0
