1
100
0 	2.5 	 600.0 	 -0.96 		 0.016825
1 	2.5 	 594.0 	 -0.9504 		 0.016825
2 	2.5 	 588.0 	 -0.9408 		 0.016825
3 	2.5 	 582.0 	 -0.9312 		 0.016825
4 	2.5 	 576.0 	 -0.9216 		 0.016825
5 	2.5 	 570.0 	 -0.912 		 0.016825
6 	2.5 	 564.0 	 -0.9024 		 0.016825
7 	2.5 	 558.0 	 -0.8928 		 0.016825
8 	2.5 	 552.0 	 -0.8832 		 0.016825
9 	2.5 	 546.0 	 -0.8736 		 0.016825
10 	2.5 	 540.0 	 -0.864 		 0.016825
11 	2.5 	 534.0 	 -0.8544 		 0.016825
12 	2.5 	 528.0 	 -0.8448 		 0.016825
13 	2.5 	 522.0 	 -0.8352 		 0.016825
14 	2.5 	 516.0 	 -0.8256 		 0.016825
15 	2.5 	 510.0 	 -0.816 		 0.016825
16 	2.5 	 504.0 	 -0.8064 		 0.016825
17 	2.5 	 498.0 	 -0.7968 		 0.016825
18 	2.5 	 492.0 	 -0.7872 		 0.016825
19 	2.5 	 486.0 	 -0.7776 		 0.016825
20 	2.5 	 480.0 	 -0.768 		 0.016825
21 	2.5 	 474.0 	 -0.7584 		 0.016825
22 	2.5 	 468.0 	 -0.7488 		 0.016825
23 	2.5 	 462.0 	 -0.7392 		 0.016825
24 	2.5 	 456.0 	 -0.7296 		 0.016825
25 	2.5 	 450.0 	 -0.72 		 0.016825
26 	2.5 	 444.0 	 -0.7104 		 0.016825
27 	2.5 	 438.0 	 -0.7008 		 0.016825
28 	2.5 	 432.0 	 -0.6912 		 0.016825
29 	2.5 	 426.0 	 -0.6816 		 0.016825
30 	2.5 	 420.0 	 -0.672 		 0.016825
31 	2.5 	 414.0 	 -0.6624 		 0.016825
32 	2.5 	 408.0 	 -0.6528 		 0.016825
33 	2.5 	 402.0 	 -0.6432 		 0.016825
34 	2.5 	 396.0 	 -0.6336 		 0.016825
35 	2.5 	 390.0 	 -0.624 		 0.016825
36 	2.5 	 384.0 	 -0.6144 		 0.016825
37 	2.5 	 378.0 	 -0.6048 		 0.016825
38 	2.5 	 372.0 	 -0.5952 		 0.016825
39 	2.5 	 366.0 	 -0.5856 		 0.016825
40 	2.5 	 360.0 	 -0.576 		 0.016825
41 	2.5 	 354.0 	 -0.5664 		 0.016825
42 	2.5 	 348.0 	 -0.5568 		 0.016825
43 	2.5 	 342.0 	 -0.5472 		 0.016825
44 	2.5 	 336.0 	 -0.5376 		 0.016825
45 	2.5 	 330.0 	 -0.528 		 0.016825
46 	2.5 	 324.0 	 -0.5184 		 0.016825
47 	2.5 	 318.0 	 -0.5088 		 0.016825
48 	2.5 	 312.0 	 -0.4992 		 0.016825
49 	2.5 	 306.0 	 -0.4896 		 0.016825
50 	2.5 	 300.0 	 -0.48 		 0.016825
51 	2.5 	 294.0 	 -0.4704 		 0.016825
52 	2.5 	 288.0 	 -0.4608 		 0.016825
53 	2.5 	 282.0 	 -0.4512 		 0.016825
54 	2.5 	 276.0 	 -0.4416 		 0.016825
55 	2.5 	 270.0 	 -0.432 		 0.016825
56 	2.5 	 264.0 	 -0.4224 		 0.016825
57 	2.5 	 258.0 	 -0.4128 		 0.016825
58 	2.5 	 252.0 	 -0.4032 		 0.016825
59 	2.5 	 246.0 	 -0.3936 		 0.016825
60 	2.5 	 240.0 	 -0.384 		 0.016825
61 	2.5 	 234.0 	 -0.3744 		 0.016825
62 	2.5 	 228.0 	 -0.3648 		 0.016825
63 	2.5 	 222.0 	 -0.3552 		 0.016825
64 	2.5 	 216.0 	 -0.3456 		 0.016825
65 	2.5 	 210.0 	 -0.336 		 0.016825
66 	2.5 	 204.0 	 -0.3264 		 0.016825
67 	2.5 	 198.0 	 -0.3168 		 0.016825
68 	2.5 	 192.0 	 -0.3072 		 0.016825
69 	2.5 	 186.0 	 -0.2976 		 0.016825
70 	2.5 	 180.0 	 -0.288 		 0.016825
71 	2.5 	 174.0 	 -0.2784 		 0.016825
72 	2.5 	 168.0 	 -0.2688 		 0.016825
73 	2.5 	 162.0 	 -0.2592 		 0.016825
74 	2.5 	 156.0 	 -0.2496 		 0.016825
75 	2.5 	 150.0 	 -0.24 		 0.016825
76 	2.5 	 144.0 	 -0.2304 		 0.016825
77 	2.5 	 138.0 	 -0.2208 		 0.016825
78 	2.5 	 132.0 	 -0.2112 		 0.016825
79 	2.5 	 126.0 	 -0.2016 		 0.016825
80 	2.5 	 120.0 	 -0.192 		 0.016825
81 	2.5 	 114.0 	 -0.1824 		 0.016825
82 	2.5 	 108.0 	 -0.1728 		 0.016825
83 	2.5 	 102.0 	 -0.1632 		 0.016825
84 	2.5 	 96.0 	 -0.1536 		 0.016825
85 	2.5 	 90.0 	 -0.144 		 0.016825
86 	2.5 	 84.0 	 -0.1344 		 0.016825
87 	2.5 	 78.0 	 -0.1248 		 0.016825
88 	2.5 	 72.0 	 -0.1152 		 0.016825
89 	2.5 	 66.0 	 -0.1056 		 0.016825
90 	2.5 	 60.0 	 -0.096 		 0.016825
91 	2.5 	 54.0 	 -0.0864 		 0.016825
92 	2.5 	 48.0 	 -0.0768 		 0.016825
93 	2.5 	 42.0 	 -0.0672 		 0.016825
94 	2.5 	 36.0 	 -0.0576 		 0.016825
95 	2.5 	 30.0 	 -0.048 		 0.016825
96 	2.5 	 24.0 	 -0.0384 		 0.016825
97 	2.5 	 18.0 	 -0.0288 		 0.016825
98 	2.5 	 12.0 	 -0.0192 		 0.016825
99 	2.5 	 6.0 	 -0.0096 		 0.016825
100 	2.5 	 0.0 	 2.28983498829e-15 		 0.016825
 
0 0 0
