1
200
0 	2.5 	 600.0 	 -0.96 		 0.016825
1 	2.5 	 597.0 	 -0.9552 		 0.016825
2 	2.5 	 594.0 	 -0.9504 		 0.016825
3 	2.5 	 591.0 	 -0.9456 		 0.016825
4 	2.5 	 588.0 	 -0.9408 		 0.016825
5 	2.5 	 585.0 	 -0.936 		 0.016825
6 	2.5 	 582.0 	 -0.9312 		 0.016825
7 	2.5 	 579.0 	 -0.9264 		 0.016825
8 	2.5 	 576.0 	 -0.9216 		 0.016825
9 	2.5 	 573.0 	 -0.9168 		 0.016825
10 	2.5 	 570.0 	 -0.912 		 0.016825
11 	2.5 	 567.0 	 -0.9072 		 0.016825
12 	2.5 	 564.0 	 -0.9024 		 0.016825
13 	2.5 	 561.0 	 -0.8976 		 0.016825
14 	2.5 	 558.0 	 -0.8928 		 0.016825
15 	2.5 	 555.0 	 -0.888 		 0.016825
16 	2.5 	 552.0 	 -0.8832 		 0.016825
17 	2.5 	 549.0 	 -0.8784 		 0.016825
18 	2.5 	 546.0 	 -0.8736 		 0.016825
19 	2.5 	 543.0 	 -0.8688 		 0.016825
20 	2.5 	 540.0 	 -0.864 		 0.016825
21 	2.5 	 537.0 	 -0.8592 		 0.016825
22 	2.5 	 534.0 	 -0.8544 		 0.016825
23 	2.5 	 531.0 	 -0.8496 		 0.016825
24 	2.5 	 528.0 	 -0.8448 		 0.016825
25 	2.5 	 525.0 	 -0.84 		 0.016825
26 	2.5 	 522.0 	 -0.8352 		 0.016825
27 	2.5 	 519.0 	 -0.8304 		 0.016825
28 	2.5 	 516.0 	 -0.8256 		 0.016825
29 	2.5 	 513.0 	 -0.8208 		 0.016825
30 	2.5 	 510.0 	 -0.816 		 0.016825
31 	2.5 	 507.0 	 -0.8112 		 0.016825
32 	2.5 	 504.0 	 -0.8064 		 0.016825
33 	2.5 	 501.0 	 -0.8016 		 0.016825
34 	2.5 	 498.0 	 -0.7968 		 0.016825
35 	2.5 	 495.0 	 -0.792 		 0.016825
36 	2.5 	 492.0 	 -0.7872 		 0.016825
37 	2.5 	 489.0 	 -0.7824 		 0.016825
38 	2.5 	 486.0 	 -0.7776 		 0.016825
39 	2.5 	 483.0 	 -0.7728 		 0.016825
40 	2.5 	 480.0 	 -0.768 		 0.016825
41 	2.5 	 477.0 	 -0.7632 		 0.016825
42 	2.5 	 474.0 	 -0.7584 		 0.016825
43 	2.5 	 471.0 	 -0.7536 		 0.016825
44 	2.5 	 468.0 	 -0.7488 		 0.016825
45 	2.5 	 465.0 	 -0.744 		 0.016825
46 	2.5 	 462.0 	 -0.7392 		 0.016825
47 	2.5 	 459.0 	 -0.7344 		 0.016825
48 	2.5 	 456.0 	 -0.7296 		 0.016825
49 	2.5 	 453.0 	 -0.7248 		 0.016825
50 	2.5 	 450.0 	 -0.72 		 0.016825
51 	2.5 	 447.0 	 -0.7152 		 0.016825
52 	2.5 	 444.0 	 -0.7104 		 0.016825
53 	2.5 	 441.0 	 -0.7056 		 0.016825
54 	2.5 	 438.0 	 -0.7008 		 0.016825
55 	2.5 	 435.0 	 -0.696 		 0.016825
56 	2.5 	 432.0 	 -0.6912 		 0.016825
57 	2.5 	 429.0 	 -0.6864 		 0.016825
58 	2.5 	 426.0 	 -0.6816 		 0.016825
59 	2.5 	 423.0 	 -0.6768 		 0.016825
60 	2.5 	 420.0 	 -0.672 		 0.016825
61 	2.5 	 417.0 	 -0.6672 		 0.016825
62 	2.5 	 414.0 	 -0.6624 		 0.016825
63 	2.5 	 411.0 	 -0.6576 		 0.016825
64 	2.5 	 408.0 	 -0.6528 		 0.016825
65 	2.5 	 405.0 	 -0.648 		 0.016825
66 	2.5 	 402.0 	 -0.6432 		 0.016825
67 	2.5 	 399.0 	 -0.6384 		 0.016825
68 	2.5 	 396.0 	 -0.6336 		 0.016825
69 	2.5 	 393.0 	 -0.6288 		 0.016825
70 	2.5 	 390.0 	 -0.624 		 0.016825
71 	2.5 	 387.0 	 -0.6192 		 0.016825
72 	2.5 	 384.0 	 -0.6144 		 0.016825
73 	2.5 	 381.0 	 -0.6096 		 0.016825
74 	2.5 	 378.0 	 -0.6048 		 0.016825
75 	2.5 	 375.0 	 -0.6 		 0.016825
76 	2.5 	 372.0 	 -0.5952 		 0.016825
77 	2.5 	 369.0 	 -0.5904 		 0.016825
78 	2.5 	 366.0 	 -0.5856 		 0.016825
79 	2.5 	 363.0 	 -0.5808 		 0.016825
80 	2.5 	 360.0 	 -0.576 		 0.016825
81 	2.5 	 357.0 	 -0.5712 		 0.016825
82 	2.5 	 354.0 	 -0.5664 		 0.016825
83 	2.5 	 351.0 	 -0.5616 		 0.016825
84 	2.5 	 348.0 	 -0.5568 		 0.016825
85 	2.5 	 345.0 	 -0.552 		 0.016825
86 	2.5 	 342.0 	 -0.5472 		 0.016825
87 	2.5 	 339.0 	 -0.5424 		 0.016825
88 	2.5 	 336.0 	 -0.5376 		 0.016825
89 	2.5 	 333.0 	 -0.5328 		 0.016825
90 	2.5 	 330.0 	 -0.528 		 0.016825
91 	2.5 	 327.0 	 -0.5232 		 0.016825
92 	2.5 	 324.0 	 -0.5184 		 0.016825
93 	2.5 	 321.0 	 -0.5136 		 0.016825
94 	2.5 	 318.0 	 -0.5088 		 0.016825
95 	2.5 	 315.0 	 -0.504 		 0.016825
96 	2.5 	 312.0 	 -0.4992 		 0.016825
97 	2.5 	 309.0 	 -0.4944 		 0.016825
98 	2.5 	 306.0 	 -0.4896 		 0.016825
99 	2.5 	 303.0 	 -0.4848 		 0.016825
100 	2.5 	 300.0 	 -0.48 		 0.016825
101 	2.5 	 297.0 	 -0.4752 		 0.016825
102 	2.5 	 294.0 	 -0.4704 		 0.016825
103 	2.5 	 291.0 	 -0.4656 		 0.016825
104 	2.5 	 288.0 	 -0.4608 		 0.016825
105 	2.5 	 285.0 	 -0.456 		 0.016825
106 	2.5 	 282.0 	 -0.4512 		 0.016825
107 	2.5 	 279.0 	 -0.4464 		 0.016825
108 	2.5 	 276.0 	 -0.4416 		 0.016825
109 	2.5 	 273.0 	 -0.4368 		 0.016825
110 	2.5 	 270.0 	 -0.432 		 0.016825
111 	2.5 	 267.0 	 -0.4272 		 0.016825
112 	2.5 	 264.0 	 -0.4224 		 0.016825
113 	2.5 	 261.0 	 -0.4176 		 0.016825
114 	2.5 	 258.0 	 -0.4128 		 0.016825
115 	2.5 	 255.0 	 -0.408 		 0.016825
116 	2.5 	 252.0 	 -0.4032 		 0.016825
117 	2.5 	 249.0 	 -0.3984 		 0.016825
118 	2.5 	 246.0 	 -0.3936 		 0.016825
119 	2.5 	 243.0 	 -0.3888 		 0.016825
120 	2.5 	 240.0 	 -0.384 		 0.016825
121 	2.5 	 237.0 	 -0.3792 		 0.016825
122 	2.5 	 234.0 	 -0.3744 		 0.016825
123 	2.5 	 231.0 	 -0.3696 		 0.016825
124 	2.5 	 228.0 	 -0.3648 		 0.016825
125 	2.5 	 225.0 	 -0.36 		 0.016825
126 	2.5 	 222.0 	 -0.3552 		 0.016825
127 	2.5 	 219.0 	 -0.3504 		 0.016825
128 	2.5 	 216.0 	 -0.3456 		 0.016825
129 	2.5 	 213.0 	 -0.3408 		 0.016825
130 	2.5 	 210.0 	 -0.336 		 0.016825
131 	2.5 	 207.0 	 -0.3312 		 0.016825
132 	2.5 	 204.0 	 -0.3264 		 0.016825
133 	2.5 	 201.0 	 -0.3216 		 0.016825
134 	2.5 	 198.0 	 -0.3168 		 0.016825
135 	2.5 	 195.0 	 -0.312 		 0.016825
136 	2.5 	 192.0 	 -0.3072 		 0.016825
137 	2.5 	 189.0 	 -0.3024 		 0.016825
138 	2.5 	 186.0 	 -0.2976 		 0.016825
139 	2.5 	 183.0 	 -0.2928 		 0.016825
140 	2.5 	 180.0 	 -0.288 		 0.016825
141 	2.5 	 177.0 	 -0.2832 		 0.016825
142 	2.5 	 174.0 	 -0.2784 		 0.016825
143 	2.5 	 171.0 	 -0.2736 		 0.016825
144 	2.5 	 168.0 	 -0.2688 		 0.016825
145 	2.5 	 165.0 	 -0.264 		 0.016825
146 	2.5 	 162.0 	 -0.2592 		 0.016825
147 	2.5 	 159.0 	 -0.2544 		 0.016825
148 	2.5 	 156.0 	 -0.2496 		 0.016825
149 	2.5 	 153.0 	 -0.2448 		 0.016825
150 	2.5 	 150.0 	 -0.24 		 0.016825
151 	2.5 	 147.0 	 -0.2352 		 0.016825
152 	2.5 	 144.0 	 -0.2304 		 0.016825
153 	2.5 	 141.0 	 -0.2256 		 0.016825
154 	2.5 	 138.0 	 -0.2208 		 0.016825
155 	2.5 	 135.0 	 -0.216 		 0.016825
156 	2.5 	 132.0 	 -0.2112 		 0.016825
157 	2.5 	 129.0 	 -0.2064 		 0.016825
158 	2.5 	 126.0 	 -0.2016 		 0.016825
159 	2.5 	 123.0 	 -0.1968 		 0.016825
160 	2.5 	 120.0 	 -0.192 		 0.016825
161 	2.5 	 117.0 	 -0.1872 		 0.016825
162 	2.5 	 114.0 	 -0.1824 		 0.016825
163 	2.5 	 111.0 	 -0.1776 		 0.016825
164 	2.5 	 108.0 	 -0.1728 		 0.016825
165 	2.5 	 105.0 	 -0.168 		 0.016825
166 	2.5 	 102.0 	 -0.1632 		 0.016825
167 	2.5 	 99.0 	 -0.1584 		 0.016825
168 	2.5 	 96.0 	 -0.1536 		 0.016825
169 	2.5 	 93.0 	 -0.1488 		 0.016825
170 	2.5 	 90.0 	 -0.144 		 0.016825
171 	2.5 	 87.0 	 -0.1392 		 0.016825
172 	2.5 	 84.0 	 -0.1344 		 0.016825
173 	2.5 	 81.0 	 -0.1296 		 0.016825
174 	2.5 	 78.0 	 -0.1248 		 0.016825
175 	2.5 	 75.0 	 -0.12 		 0.016825
176 	2.5 	 72.0 	 -0.1152 		 0.016825
177 	2.5 	 69.0 	 -0.1104 		 0.016825
178 	2.5 	 66.0 	 -0.1056 		 0.016825
179 	2.5 	 63.0 	 -0.1008 		 0.016825
180 	2.5 	 60.0 	 -0.096 		 0.016825
181 	2.5 	 57.0 	 -0.0912 		 0.016825
182 	2.5 	 54.0 	 -0.0864 		 0.016825
183 	2.5 	 51.0 	 -0.0816 		 0.016825
184 	2.5 	 48.0 	 -0.0768 		 0.016825
185 	2.5 	 45.0 	 -0.072 		 0.016825
186 	2.5 	 42.0 	 -0.0672 		 0.016825
187 	2.5 	 39.0 	 -0.0624 		 0.016825
188 	2.5 	 36.0 	 -0.0576 		 0.016825
189 	2.5 	 33.0 	 -0.0528 		 0.016825
190 	2.5 	 30.0 	 -0.048 		 0.016825
191 	2.5 	 27.0 	 -0.0432 		 0.016825
192 	2.5 	 24.0 	 -0.0384 		 0.016825
193 	2.5 	 21.0 	 -0.0336 		 0.016825
194 	2.5 	 18.0 	 -0.0288 		 0.016825
195 	2.5 	 15.0 	 -0.024 		 0.016825
196 	2.5 	 12.0 	 -0.0192 		 0.016825
197 	2.5 	 9.0 	 -0.0144 		 0.016825
198 	2.5 	 6.0 	 -0.0096 		 0.016825
199 	2.5 	 3.0 	 -0.0048 		 0.016825
200 	2.5 	 0.0 	 3.75394160201e-15 		 0.016825
 
0 0 0
