# H and Zeta at time 3600.000 for Channel 0
0.000	0.000	-0.000	0.1136397307441 	 0.1136397307441
10.000	0.000	-0.000	0.1136397307441 	 0.1136397307441
10.000	0.000	-0.000	0.1136397307441 	 0.1136397307441
20.000	0.000	-0.000	0.1136397307441 	 0.1136397307441
20.000	0.000	-0.000	0.1136397307441 	 0.1136397307441
30.000	0.000	-0.000	0.1136397307441 	 0.1136397307441
30.000	0.000	-0.000	0.1136397307441 	 0.1136397307441
40.000	0.000	-0.000	0.1136397307441 	 0.1136397307441
40.000	0.000	-0.000	0.1136397307441 	 0.1136397307441
50.000	0.000	-0.000	0.1136397307441 	 0.1136397307441
50.000	0.000	-0.000	0.1136397307441 	 0.1136397307441
60.000	0.000	-0.000	0.1136397307441 	 0.1136397307441
60.000	0.000	-0.000	0.1136397307441 	 0.1136397307441
70.000	0.000	-0.000	0.1136397307441 	 0.1136397307441
70.000	0.000	-0.000	0.1136397307441 	 0.1136397307441
80.000	0.000	-0.000	0.1136397307441 	 0.1136397307441
80.000	0.000	-0.000	0.1136397307441 	 0.1136397307441
90.000	0.000	-0.000	0.1136397307441 	 0.1136397307441
90.000	0.000	-0.000	0.1136397307441 	 0.1136397307441
100.000	0.000	-0.000	0.1136397307441 	 0.1136397307441
100.000	0.000	-0.000	0.1136397307441 	 0.1136397307441
110.000	0.000	-0.000	0.1136397307441 	 0.1136397307441
110.000	0.000	-0.000	0.1136397307441 	 0.1136397307441
120.000	0.000	-0.000	0.1136397307441 	 0.1136397307441
120.000	0.000	-0.000	0.1136397307441 	 0.1136397307441
130.000	0.000	-0.000	0.1136397307441 	 0.1136397307441
130.000	0.000	-0.000	0.1136397307441 	 0.1136397307441
140.000	0.000	-0.000	0.1136397307441 	 0.1136397307441
140.000	0.000	-0.000	0.1136397307441 	 0.1136397307441
150.000	0.000	-0.000	0.1136397307441 	 0.1136397307441
150.000	0.000	-0.000	0.1136397307441 	 0.1136397307441
160.000	0.000	-0.000	0.1136397307441 	 0.1136397307441
160.000	0.000	-0.000	0.1136397307441 	 0.1136397307441
170.000	0.000	-0.000	0.1136397307441 	 0.1136397307441
170.000	0.000	-0.000	0.1136397307441 	 0.1136397307441
180.000	0.000	-0.000	0.1136397307441 	 0.1136397307441
180.000	0.000	-0.000	0.1136397307441 	 0.1136397307441
190.000	0.000	-0.000	0.1136397307441 	 0.1136397307441
190.000	0.000	-0.000	0.1136397307441 	 0.1136397307441
200.000	0.000	-0.000	0.1136397317778 	 0.1136397317778
