0.000000 	 0.000000 
0.500000 	 0.002466 
1.000000 	 0.007830 
1.500000 	 0.015390 
2.000000 	 0.024859 
2.500000 	 0.036057 
3.000000 	 0.048861 
3.500000 	 0.063175 
4.000000 	 0.078922 
4.500000 	 0.096039 
5.000000 	 0.114475 
5.500000 	 0.134184 
6.000000 	 0.155125 
6.500000 	 0.177263 
7.000000 	 0.200567 
7.500000 	 0.225008 
8.000000 	 0.250560 
8.500000 	 0.277200 
9.000000 	 0.304906 
9.500000 	 0.333658 
10.000000 	 0.363437 
10.500000 	 0.394225 
11.000000 	 0.426007 
11.500000 	 0.458767 
12.000000 	 0.492490 
12.500000 	 0.527164 
13.000000 	 0.562774 
13.500000 	 0.599310 
14.000000 	 0.636760 
14.500000 	 0.675111 
15.000000 	 0.714355 
15.500000 	 0.754481 
16.000000 	 0.795479 
16.500000 	 0.837340 
17.000000 	 0.880056 
17.500000 	 0.923618 
18.000000 	 0.968017 
18.500000 	 1.013246 
19.000000 	 1.059298 
19.500000 	 1.106165 
20.000000 	 1.153840 
20.500000 	 1.202316 
21.000000 	 1.251587 
21.500000 	 1.301646 
22.000000 	 1.352487 
22.500000 	 1.404105 
23.000000 	 1.456493 
23.500000 	 1.509646 
24.000000 	 1.563559 
24.500000 	 1.618225 
25.000000 	 1.670000 
25.500000 	 1.670000 
26.000000 	 1.670000 
26.500000 	 1.670000 
27.000000 	 1.670000 
27.500000 	 1.670000 
28.000000 	 1.670000 
28.500000 	 1.670000 
29.000000 	 1.670000 
29.500000 	 1.670000 
30.000000 	 1.670000 
30.500000 	 1.611372 
31.000000 	 1.557569 
31.500000 	 1.505242 
32.000000 	 1.454373 
32.500000 	 1.404944 
33.000000 	 1.356937 
33.500000 	 1.310332 
34.000000 	 1.265109 
34.500000 	 1.221245 
35.000000 	 1.178721 
35.500000 	 1.137512 
36.000000 	 1.097597 
36.500000 	 1.058950 
37.000000 	 1.021549 
37.500000 	 0.985367 
38.000000 	 0.950381 
38.500000 	 0.916563 
39.000000 	 0.883888 
39.500000 	 0.852330 
40.000000 	 0.821861 
40.500000 	 0.792455 
41.000000 	 0.764085 
41.500000 	 0.736723 
42.000000 	 0.710342 
42.500000 	 0.684914 
43.000000 	 0.660414 
43.500000 	 0.636812 
44.000000 	 0.614084 
44.500000 	 0.592200 
45.000000 	 0.571136 
45.500000 	 0.550865 
46.000000 	 0.531360 
46.500000 	 0.512597 
47.000000 	 0.494551 
47.500000 	 0.477195 
48.000000 	 0.460508 
48.500000 	 0.444463 
49.000000 	 0.429039 
49.500000 	 0.414213 
50.000000 	 0.399963 
50.500000 	 0.386266 
51.000000 	 0.373103 
51.500000 	 0.360452 
52.000000 	 0.348294 
52.500000 	 0.336609 
53.000000 	 0.325380 
53.500000 	 0.314588 
54.000000 	 0.304215 
54.500000 	 0.294246 
55.000000 	 0.284662 
55.500000 	 0.275450 
56.000000 	 0.266594 
56.500000 	 0.258079 
57.000000 	 0.249891 
57.500000 	 0.242017 
58.000000 	 0.234444 
58.500000 	 0.227159 
59.000000 	 0.220151 
59.500000 	 0.213407 
60.000000 	 0.206918 
