0.000000 0.000000
0.016667 0.000000
0.033333 0.000001
0.050000 0.000002
0.066667 0.000003
0.083333 0.000006
0.100000 0.000009
0.116667 0.000012
0.133333 0.000017
0.150000 0.000023
0.166667 0.000030
0.183333 0.000038
0.200000 0.000047
0.216667 0.000058
0.233333 0.000070
0.250000 0.000083
0.266667 0.000098
0.283333 0.000114
0.300000 0.000132
0.316667 0.000151
0.333333 0.000173
0.350000 0.000196
0.366667 0.000221
0.383333 0.000248
0.400000 0.000276
0.416667 0.000307
0.433333 0.000340
0.450000 0.000375
0.466667 0.000412
0.483333 0.000452
0.500000 0.000493
0.516667 0.000537
0.533333 0.000583
0.550000 0.000632
0.566667 0.000683
0.583333 0.000737
0.600000 0.000793
0.616667 0.000852
0.633333 0.000914
0.650000 0.000978
0.666667 0.001045
0.683333 0.001115
0.700000 0.001187
0.716667 0.001263
0.733333 0.001341
0.750000 0.001423
0.766667 0.001507
0.783333 0.001595
0.800000 0.001685
0.816667 0.001779
0.833333 0.001876
0.850000 0.001976
0.866667 0.002080
0.883333 0.002187
0.900000 0.002297
0.916667 0.002411
0.933333 0.002528
0.950000 0.002648
0.966667 0.002772
0.983333 0.002900
1.000000 0.003031
1.016667 0.003166
1.033333 0.003304
1.050000 0.003447
1.066667 0.003593
1.083333 0.003743
1.100000 0.003896
1.116667 0.004054
1.133333 0.004216
1.150000 0.004381
1.166667 0.004551
1.183333 0.004724
1.200000 0.004902
1.216667 0.005083
1.233333 0.005269
1.250000 0.005459
1.266667 0.005654
1.283333 0.005852
1.300000 0.006055
1.316667 0.006262
1.333333 0.006474
1.350000 0.006690
1.366667 0.006911
1.383333 0.007135
1.400000 0.007365
1.416667 0.007599
1.433333 0.007838
1.450000 0.008081
1.466667 0.008329
1.483333 0.008581
1.500000 0.008839
1.516667 0.009101
1.533333 0.009368
1.550000 0.009640
1.566667 0.009916
1.583333 0.010198
1.600000 0.010484
1.616667 0.010776
1.633333 0.011072
1.650000 0.011374
1.666667 0.011680
1.683333 0.011992
1.700000 0.012309
1.716667 0.012631
1.733333 0.012958
1.750000 0.013291
1.766667 0.013628
1.783333 0.013972
1.800000 0.014320
1.816667 0.014674
1.833333 0.015033
1.850000 0.015398
1.866667 0.015768
1.883333 0.016144
1.900000 0.016525
1.916667 0.016912
1.933333 0.017304
1.950000 0.017702
1.966667 0.018106
1.983333 0.018515
2.000000 0.018931
2.016667 0.019352
2.033333 0.019778
2.050000 0.020211
2.066667 0.020649
2.083333 0.021094
2.100000 0.021544
2.116667 0.022000
2.133333 0.022463
2.150000 0.022931
2.166667 0.023405
2.183333 0.023885
2.200000 0.024372
2.216667 0.024865
2.233333 0.025364
2.250000 0.025869
2.266667 0.026380
2.283333 0.026897
2.300000 0.027421
2.316667 0.027951
2.333333 0.028488
2.350000 0.029031
2.366667 0.029580
2.383333 0.030136
2.400000 0.030698
2.416667 0.031267
2.433333 0.031843
2.450000 0.032424
2.466667 0.033013
2.483333 0.033608
2.500000 0.034210
2.516667 0.034818
2.533333 0.035434
2.550000 0.036056
2.566667 0.036684
2.583333 0.037320
2.600000 0.037962
2.616667 0.038612
2.633333 0.039268
2.650000 0.039931
2.666667 0.040601
2.683333 0.041278
2.700000 0.041962
2.716667 0.042653
2.733333 0.043351
2.750000 0.044056
2.766667 0.044769
2.783333 0.045488
2.800000 0.046215
2.816667 0.046949
2.833333 0.047690
2.850000 0.048439
2.866667 0.049194
2.883333 0.049957
2.900000 0.050728
2.916667 0.051506
2.933333 0.052291
2.950000 0.053083
2.966667 0.053884
2.983333 0.054691
3.000000 0.055506
3.016667 0.056329
3.033333 0.057159
3.050000 0.057997
3.066667 0.058843
3.083333 0.059696
3.100000 0.060557
3.116667 0.061425
3.133333 0.062301
3.150000 0.063186
3.166667 0.064077
3.183333 0.064977
3.200000 0.065885
3.216667 0.066800
3.233333 0.067724
3.250000 0.068655
3.266667 0.069594
3.283333 0.070541
3.300000 0.071497
3.316667 0.072460
3.333333 0.073431
3.350000 0.074411
3.366667 0.075398
3.383333 0.076394
3.400000 0.077398
3.416667 0.078410
3.433333 0.079431
3.450000 0.080459
3.466667 0.081496
3.483333 0.082541
3.500000 0.083595
3.516667 0.084657
3.533333 0.085727
3.550000 0.086806
3.566667 0.087893
3.583333 0.088989
3.600000 0.090093
3.616667 0.091206
3.633333 0.092327
3.650000 0.093457
3.666667 0.094595
3.683333 0.095742
3.700000 0.096898
3.716667 0.098062
3.733333 0.099235
3.750000 0.100417
3.766667 0.101608
3.783333 0.102807
3.800000 0.104015
3.816667 0.105232
3.833333 0.106458
3.850000 0.107693
3.866667 0.108936
3.883333 0.110189
3.900000 0.111450
3.916667 0.112721
3.933333 0.114000
3.950000 0.115289
3.966667 0.116587
3.983333 0.117893
4.000000 0.119209
4.016667 0.120534
4.033333 0.121868
4.050000 0.123212
4.066667 0.124564
4.083333 0.125926
4.100000 0.127297
4.116667 0.128678
4.133333 0.130067
4.150000 0.131466
4.166667 0.132875
4.183333 0.134293
4.200000 0.135720
4.216667 0.137156
4.233333 0.138603
4.250000 0.140058
4.266667 0.141523
4.283333 0.142998
4.300000 0.144482
4.316667 0.145976
4.333333 0.147479
4.350000 0.148993
4.366667 0.150515
4.383333 0.152048
4.400000 0.153590
4.416667 0.155142
4.433333 0.156703
4.450000 0.158275
4.466667 0.159856
4.483333 0.161447
4.500000 0.163048
4.516667 0.164659
4.533333 0.166280
4.550000 0.167910
4.566667 0.169551
4.583333 0.171202
4.600000 0.172862
4.616667 0.174533
4.633333 0.176214
4.650000 0.177905
4.666667 0.179605
4.683333 0.181316
4.700000 0.183038
4.716667 0.184769
4.733333 0.186511
4.750000 0.188262
4.766667 0.190024
4.783333 0.191797
4.800000 0.193579
4.816667 0.195372
4.833333 0.197175
4.850000 0.198989
4.866667 0.200813
4.883333 0.202647
4.900000 0.204492
4.916667 0.206348
4.933333 0.208213
4.950000 0.210090
4.966667 0.211977
4.983333 0.213874
5.000000 0.215782
5.016667 0.217701
5.033333 0.219630
5.050000 0.221570
5.066667 0.223520
5.083333 0.225481
5.100000 0.227453
5.116667 0.229436
5.133333 0.231429
5.150000 0.233434
5.166667 0.235449
5.183333 0.237475
5.200000 0.239511
5.216667 0.241559
5.233333 0.243618
5.250000 0.245687
5.266667 0.247768
5.283333 0.249859
5.300000 0.251961
5.316667 0.254075
5.333333 0.256199
5.350000 0.258335
5.366667 0.260481
5.383333 0.262639
5.400000 0.264808
5.416667 0.266988
5.433333 0.269179
5.450000 0.271382
5.466667 0.273595
5.483333 0.275820
5.500000 0.278056
5.516667 0.280304
5.533333 0.282563
5.550000 0.284833
5.566667 0.287114
5.583333 0.289407
5.600000 0.291712
5.616667 0.294027
5.633333 0.296355
5.650000 0.298693
5.666667 0.301043
5.683333 0.303405
5.700000 0.305778
5.716667 0.308163
5.733333 0.310560
5.750000 0.312968
5.766667 0.315387
5.783333 0.317818
5.800000 0.320261
5.816667 0.322716
5.833333 0.325183
5.850000 0.327661
5.866667 0.330151
5.883333 0.332652
5.900000 0.335166
5.916667 0.337691
5.933333 0.340229
5.950000 0.342778
5.966667 0.345339
5.983333 0.347912
6.000000 0.350497
6.016667 0.353093
6.033333 0.355702
6.050000 0.358323
6.066667 0.360956
6.083333 0.363601
6.100000 0.366258
6.116667 0.368927
6.133333 0.371608
6.150000 0.374302
6.166667 0.377007
6.183333 0.379725
6.200000 0.382455
6.216667 0.385197
6.233333 0.387952
6.250000 0.390719
6.266667 0.393498
6.283333 0.396289
6.300000 0.399093
6.316667 0.401909
6.333333 0.404737
6.350000 0.407578
6.366667 0.410432
6.383333 0.413297
6.400000 0.416175
6.416667 0.419066
6.433333 0.421969
6.450000 0.424885
6.466667 0.427814
6.483333 0.430755
6.500000 0.433708
6.516667 0.436674
6.533333 0.439653
6.550000 0.442644
6.566667 0.445649
6.583333 0.448665
6.600000 0.451695
6.616667 0.454737
6.633333 0.457793
6.650000 0.460860
6.666667 0.463941
6.683333 0.467035
6.700000 0.470141
6.716667 0.473261
6.733333 0.476393
6.750000 0.479538
6.766667 0.482696
6.783333 0.485867
6.800000 0.489051
6.816667 0.492248
6.833333 0.495458
6.850000 0.498681
6.866667 0.501918
6.883333 0.505167
6.900000 0.508429
6.916667 0.511705
6.933333 0.514994
6.950000 0.518295
6.966667 0.521611
6.983333 0.524939
7.000000 0.528280
7.016667 0.531635
7.033333 0.535003
7.050000 0.538385
7.066667 0.541779
7.083333 0.545188
7.100000 0.548609
7.116667 0.552044
7.133333 0.555492
7.150000 0.558954
7.166667 0.562429
7.183333 0.565917
7.200000 0.569420
7.216667 0.572935
7.233333 0.576464
7.250000 0.580007
7.266667 0.583563
7.283333 0.587133
7.300000 0.590717
7.316667 0.594314
7.333333 0.597925
7.350000 0.601549
7.366667 0.605187
7.383333 0.608839
7.400000 0.612505
7.416667 0.616184
7.433333 0.619877
7.450000 0.623584
7.466667 0.627305
7.483333 0.631040
7.500000 0.634788
7.516667 0.638551
7.533333 0.642327
7.550000 0.646117
7.566667 0.649921
7.583333 0.653739
7.600000 0.657572
7.616667 0.661418
7.633333 0.665278
7.650000 0.669152
7.666667 0.673040
7.683333 0.676943
7.700000 0.680859
7.716667 0.684790
7.733333 0.688735
7.750000 0.692694
7.766667 0.696667
7.783333 0.700654
7.800000 0.704656
7.816667 0.708672
7.833333 0.712702
7.850000 0.716746
7.866667 0.720805
7.883333 0.724878
7.900000 0.728965
7.916667 0.733067
7.933333 0.737183
7.950000 0.741314
7.966667 0.745459
7.983333 0.749618
8.000000 0.753792
8.016667 0.757981
8.033333 0.762184
8.050000 0.766401
8.066667 0.770633
8.083333 0.774880
8.100000 0.779141
8.116667 0.783417
8.133333 0.787707
8.150000 0.792013
8.166667 0.796332
8.183333 0.800667
8.200000 0.805016
8.216667 0.809380
8.233333 0.813759
8.250000 0.818152
8.266667 0.822561
8.283333 0.826984
8.300000 0.831422
8.316667 0.835874
8.333333 0.840342
8.350000 0.844825
8.366667 0.849322
8.383333 0.853835
8.400000 0.858362
8.416667 0.862904
8.433333 0.867462
8.450000 0.872034
8.466667 0.876621
8.483333 0.881224
8.500000 0.885841
8.516667 0.890474
8.533333 0.895122
8.550000 0.899784
8.566667 0.904462
8.583333 0.909156
8.600000 0.913864
8.616667 0.918587
8.633333 0.923326
8.650000 0.928080
8.666667 0.932850
8.683333 0.937634
8.700000 0.942434
8.716667 0.947249
8.733333 0.952080
8.750000 0.956926
8.766667 0.961787
8.783333 0.966664
8.800000 0.971556
8.816667 0.976464
8.833333 0.981387
8.850000 0.986325
8.866667 0.991279
8.883333 0.996249
8.900000 1.001234
8.916667 1.006235
8.933333 1.011251
8.950000 1.016283
8.966667 1.021331
8.983333 1.026394
9.000000 1.031472
9.016667 1.036567
9.033333 1.041677
9.050000 1.046803
9.066667 1.051945
9.083333 1.057102
9.100000 1.062275
9.116667 1.067464
9.133333 1.072669
9.150000 1.077889
9.166667 1.083126
9.183333 1.088378
9.200000 1.093646
9.216667 1.098930
9.233333 1.104230
9.250000 1.109546
9.266667 1.114878
9.283333 1.120226
9.300000 1.125590
9.316667 1.130970
9.333333 1.136366
9.350000 1.141778
9.366667 1.147206
9.383333 1.152651
9.400000 1.158111
9.416667 1.163588
9.433333 1.169080
9.450000 1.174589
9.466667 1.180114
9.483333 1.185655
9.500000 1.191213
9.516667 1.196787
9.533333 1.202377
9.550000 1.207983
9.566667 1.213605
9.583333 1.219244
9.600000 1.224900
9.616667 1.230571
9.633333 1.236259
9.650000 1.241964
9.666667 1.247685
9.683333 1.253422
9.700000 1.259176
9.716667 1.264946
9.733333 1.270733
9.750000 1.276536
9.766667 1.282356
9.783333 1.288192
9.800000 1.294045
9.816667 1.299914
9.833333 1.305801
9.850000 1.311703
9.866667 1.317623
9.883333 1.323559
9.900000 1.329512
9.916667 1.335481
9.933333 1.341467
9.950000 1.347470
9.966667 1.353490
9.983333 1.359526
10.000000 1.365579
10.016667 1.371650
10.033333 1.377736
10.050000 1.383840
10.066667 1.389961
10.083333 1.396098
10.100000 1.402253
10.116667 1.408424
10.133333 1.414613
10.150000 1.420818
10.166667 1.427040
10.183333 1.433279
10.200000 1.439536
10.216667 1.445809
10.233333 1.452099
10.250000 1.458407
10.266667 1.464731
10.283333 1.471073
10.300000 1.477432
10.316667 1.483808
10.333333 1.490201
10.350000 1.496611
10.366667 1.503039
10.383333 1.509484
10.400000 1.515946
10.416667 1.522425
10.433333 1.528921
10.450000 1.535435
10.466667 1.541966
10.483333 1.548515
10.500000 1.555081
10.516667 1.561664
10.533333 1.568265
10.550000 1.574883
10.566667 1.581518
10.583333 1.588171
10.600000 1.594841
10.616667 1.601529
10.633333 1.608234
10.650000 1.614957
10.666667 1.621698
10.683333 1.628456
10.700000 1.635231
10.716667 1.642024
10.733333 1.648835
10.750000 1.655663
10.766667 1.662509
10.783333 1.669373
10.800000 1.676254
10.816667 1.683153
10.833333 1.690070
10.850000 1.697005
10.866667 1.703957
10.883333 1.710927
10.900000 1.717915
10.916667 1.724920
10.933333 1.731944
10.950000 1.738985
10.966667 1.746044
10.983333 1.753121
11.000000 1.760216
11.016667 1.767329
11.033333 1.774460
11.050000 1.781609
11.066667 1.788776
11.083333 1.795960
11.100000 1.803163
11.116667 1.810384
11.133333 1.817623
11.150000 1.824879
11.166667 1.832154
11.183333 1.839447
11.200000 1.846759
11.216667 1.854088
11.233333 1.861435
11.250000 1.868801
11.266667 1.876185
11.283333 1.883587
11.300000 1.891007
11.316667 1.898446
11.333333 1.905902
11.350000 1.913377
11.366667 1.920871
11.383333 1.928382
11.400000 1.935912
11.416667 1.943461
11.433333 1.951027
11.450000 1.958612
11.466667 1.966216
11.483333 1.973838
11.500000 1.981478
11.516667 1.989137
11.533333 1.996814
11.550000 2.004510
11.566667 2.012224
11.583333 2.019957
11.600000 2.027709
11.616667 2.035478
11.633333 2.043267
11.650000 2.051074
11.666667 2.058900
11.683333 2.066744
11.700000 2.074607
11.716667 2.082489
11.733333 2.090389
11.750000 2.098308
11.766667 2.106246
11.783333 2.114203
11.800000 2.122178
11.816667 2.130172
11.833333 2.138185
11.850000 2.146216
11.866667 2.154267
11.883333 2.162336
11.900000 2.170425
11.916667 2.178532
11.933333 2.186658
11.950000 2.194803
11.966667 2.202966
11.983333 2.211149
12.000000 2.219351
12.016667 2.227572
12.033333 2.235812
12.050000 2.244070
12.066667 2.252348
12.083333 2.260645
12.100000 2.268961
12.116667 2.277296
12.133333 2.285650
12.150000 2.294024
12.166667 2.302416
12.183333 2.310828
12.200000 2.319258
12.216667 2.327708
12.233333 2.336178
12.250000 2.344666
12.266667 2.353174
12.283333 2.361701
12.300000 2.370247
12.316667 2.378812
12.333333 2.387397
12.350000 2.396001
12.366667 2.404625
12.383333 2.413268
12.400000 2.421930
12.416667 2.430612
12.433333 2.439313
12.450000 2.448034
12.466667 2.456774
12.483333 2.465533
12.500000 2.474312
12.516667 2.483111
12.533333 2.491929
12.550000 2.500766
12.566667 2.509624
12.583333 2.518500
12.600000 2.527397
12.616667 2.536313
12.633333 2.545248
12.650000 2.554203
12.666667 2.563178
12.683333 2.572173
12.700000 2.581187
12.716667 2.590221
12.733333 2.599275
12.750000 2.608348
12.766667 2.617442
12.783333 2.626555
12.800000 2.635688
12.816667 2.644840
12.833333 2.654013
12.850000 2.663205
12.866667 2.672417
12.883333 2.681650
12.900000 2.690902
12.916667 2.700174
12.933333 2.709466
12.950000 2.718777
12.966667 2.728109
12.983333 2.737461
13.000000 2.746833
13.016667 2.756225
13.033333 2.765637
13.050000 2.775069
13.066667 2.784521
13.083333 2.793993
13.100000 2.803485
13.116667 2.812998
13.133333 2.822530
13.150000 2.832083
13.166667 2.841656
13.183333 2.851249
13.200000 2.860862
13.216667 2.870496
13.233333 2.880149
13.250000 2.889824
13.266667 2.899518
13.283333 2.909233
13.300000 2.918967
13.316667 2.928723
13.333333 2.938498
13.350000 2.948294
13.366667 2.958111
13.383333 2.967948
13.400000 2.977805
13.416667 2.987682
13.433333 2.997581
13.450000 3.007499
13.466667 3.017438
13.483333 3.027398
13.500000 3.037378
13.516667 3.047378
13.533333 3.057400
13.550000 3.067441
13.566667 3.077504
13.583333 3.087587
13.600000 3.097690
13.616667 3.107814
13.633333 3.117959
13.650000 3.128125
13.666667 3.138311
13.683333 3.148518
13.700000 3.158746
13.716667 3.168994
13.733333 3.179263
13.750000 3.189553
13.766667 3.199864
13.783333 3.210195
13.800000 3.220548
13.816667 3.230921
13.833333 3.241315
13.850000 3.251730
13.866667 3.262165
13.883333 3.272622
13.900000 3.283100
13.916667 3.293598
13.933333 3.304118
13.950000 3.314658
13.966667 3.325220
13.983333 3.335802
14.000000 3.346406
14.016667 3.357030
14.033333 3.367676
14.050000 3.378343
14.066667 3.389030
14.083333 3.399739
14.100000 3.410469
14.116667 3.421220
14.133333 3.431993
14.150000 3.442786
14.166667 3.453601
14.183333 3.464437
14.200000 3.475294
14.216667 3.486172
14.233333 3.497072
14.250000 3.507993
14.266667 3.518935
14.283333 3.529898
14.300000 3.540883
14.316667 3.551889
14.333333 3.562917
14.350000 3.573966
14.366667 3.585036
14.383333 3.596128
14.400000 3.607241
14.416667 3.618375
14.433333 3.629531
14.450000 3.640709
14.466667 3.651908
14.483333 3.663128
14.500000 3.674370
14.516667 3.685634
14.533333 3.696919
14.550000 3.708225
14.566667 3.719553
14.583333 3.730903
14.600000 3.742275
14.616667 3.753668
14.633333 3.765083
14.650000 3.776519
14.666667 3.787977
14.683333 3.799457
14.700000 3.810958
14.716667 3.822482
14.733333 3.834027
14.750000 3.845593
14.766667 3.857182
14.783333 3.868792
14.800000 3.880425
14.816667 3.892079
14.833333 3.903754
14.850000 3.915452
14.866667 3.927172
14.883333 3.938913
14.900000 3.950677
14.916667 3.962462
14.933333 3.974269
14.950000 3.986099
14.966667 3.997950
14.983333 4.009823
15.000000 4.021718
15.016667 4.033636
15.033333 4.045575
15.050000 4.057536
15.066667 4.069520
15.083333 4.081526
15.100000 4.093553
15.116667 4.105603
15.133333 4.117675
15.150000 4.129769
15.166667 4.141885
15.183333 4.154024
15.200000 4.166185
15.216667 4.178368
15.233333 4.190573
15.250000 4.202800
15.266667 4.215050
15.283333 4.227322
15.300000 4.239616
15.316667 4.251933
15.333333 4.264272
15.350000 4.276633
15.366667 4.289017
15.383333 4.301423
15.400000 4.313851
15.416667 4.326302
15.433333 4.338776
15.450000 4.351271
15.466667 4.363790
15.483333 4.376330
15.500000 4.388894
15.516667 4.401479
15.533333 4.414088
15.550000 4.426719
15.566667 4.439372
15.583333 4.452048
15.600000 4.464747
15.616667 4.477468
15.633333 4.490212
15.650000 4.502978
15.666667 4.515767
15.683333 4.528579
15.700000 4.541414
15.716667 4.554271
15.733333 4.567151
15.750000 4.580053
15.766667 4.592979
15.783333 4.605927
15.800000 4.618898
15.816667 4.631892
15.833333 4.644909
15.850000 4.657948
15.866667 4.671010
15.883333 4.684096
15.900000 4.697204
15.916667 4.710335
15.933333 4.723488
15.950000 4.736665
15.966667 4.749865
15.983333 4.763088
16.000000 4.776334
16.016667 4.789602
16.033333 4.802894
16.050000 4.816209
16.066667 4.829547
16.083333 4.842908
16.100000 4.856292
16.116667 4.869699
16.133333 4.883129
16.150000 4.896582
16.166667 4.910059
16.183333 4.923558
16.200000 4.937081
16.216667 4.950627
16.233333 4.964196
16.250000 4.977788
16.266667 4.991404
16.283333 5.005043
16.300000 5.018705
16.316667 5.032390
16.333333 5.046099
16.350000 5.059831
16.366667 5.073587
16.383333 5.087365
16.400000 5.101167
16.416667 5.114993
16.433333 5.128842
16.450000 5.142714
16.466667 5.156610
16.483333 5.170529
16.500000 5.184471
16.516667 5.198438
16.533333 5.212427
16.550000 5.226440
16.566667 5.240477
16.583333 5.254537
16.600000 5.268621
16.616667 5.282728
16.633333 5.296859
16.650000 5.311013
16.666667 5.325191
16.683333 5.339393
16.700000 5.353618
16.716667 5.367867
16.733333 5.382140
16.750000 5.396436
16.766667 5.410756
16.783333 5.425100
16.800000 5.439468
16.816667 5.453859
16.833333 5.468274
16.850000 5.482713
16.866667 5.497176
16.883333 5.511662
16.900000 5.526172
16.916667 5.540707
16.933333 5.555265
16.950000 5.569847
16.966667 5.584452
16.983333 5.599082
17.000000 5.613736
17.016667 5.628414
17.033333 5.643115
17.050000 5.657841
17.066667 5.672590
17.083333 5.687364
17.100000 5.702161
17.116667 5.716983
17.133333 5.731829
17.150000 5.746698
17.166667 5.761592
17.183333 5.776510
17.200000 5.791452
17.216667 5.806419
17.233333 5.821409
17.250000 5.836423
17.266667 5.851462
17.283333 5.866525
17.300000 5.881612
17.316667 5.896723
17.333333 5.911859
17.350000 5.927019
17.366667 5.942203
17.383333 5.957411
17.400000 5.972644
17.416667 5.987901
17.433333 6.003182
17.450000 6.018488
17.466667 6.033818
17.483333 6.049172
17.500000 6.064551
17.516667 6.079955
17.533333 6.095382
17.550000 6.110834
17.566667 6.126311
17.583333 6.141812
17.600000 6.157338
17.616667 6.172888
17.633333 6.188462
17.650000 6.204061
17.666667 6.219685
17.683333 6.235333
17.700000 6.251006
17.716667 6.266703
17.733333 6.282425
17.750000 6.298172
17.766667 6.313943
17.783333 6.329739
17.800000 6.345560
17.816667 6.361405
17.833333 6.377275
17.850000 6.393170
17.866667 6.409090
17.883333 6.425034
17.900000 6.441003
17.916667 6.456997
17.933333 6.473015
17.950000 6.489059
17.966667 6.505127
17.983333 6.521220
18.000000 6.537338
18.016667 6.553481
18.033333 6.569648
18.050000 6.585841
18.066667 6.602058
18.083333 6.618301
18.100000 6.634568
18.116667 6.650861
18.133333 6.667178
18.150000 6.683521
18.166667 6.699888
18.183333 6.716280
18.200000 6.732698
18.216667 6.749140
18.233333 6.765608
18.250000 6.782101
18.266667 6.798618
18.283333 6.815161
18.300000 6.831729
18.316667 6.848322
18.333333 6.864941
18.350000 6.881584
18.366667 6.898253
18.383333 6.914947
18.400000 6.931666
18.416667 6.948411
18.433333 6.965180
18.450000 6.981975
18.466667 6.998795
18.483333 7.015641
18.500000 7.032512
18.516667 7.049408
18.533333 7.066330
18.550000 7.083276
18.566667 7.100249
18.583333 7.117246
18.600000 7.134269
18.616667 7.151318
18.633333 7.168392
18.650000 7.185491
18.666667 7.202616
18.683333 7.219767
18.700000 7.236942
18.716667 7.254144
18.733333 7.271371
18.750000 7.288623
18.766667 7.305901
18.783333 7.323205
18.800000 7.340534
18.816667 7.357889
18.833333 7.375269
18.850000 7.392675
18.866667 7.410107
18.883333 7.427564
18.900000 7.445047
18.916667 7.462556
18.933333 7.480090
18.950000 7.497651
18.966667 7.515237
18.983333 7.532848
19.000000 7.550486
19.016667 7.568149
19.033333 7.585838
19.050000 7.603553
19.066667 7.621293
19.083333 7.639060
19.100000 7.656852
19.116667 7.674671
19.133333 7.692515
19.150000 7.710385
19.166667 7.728281
19.183333 7.746203
19.200000 7.764151
19.216667 7.782125
19.233333 7.800125
19.250000 7.818150
19.266667 7.836202
19.283333 7.854280
19.300000 7.872384
19.316667 7.890514
19.333333 7.908670
19.350000 7.926852
19.366667 7.945061
19.383333 7.963295
19.400000 7.981555
19.416667 7.999842
19.433333 8.018155
19.450000 8.036494
19.466667 8.054859
19.483333 8.073250
19.500000 8.091668
19.516667 8.110112
19.533333 8.128582
19.550000 8.147078
19.566667 8.165601
19.583333 8.184150
19.600000 8.202725
19.616667 8.221327
19.633333 8.239955
19.650000 8.258609
19.666667 8.277290
19.683333 8.295997
19.700000 8.314730
19.716667 8.333490
19.733333 8.352276
19.750000 8.371089
19.766667 8.389928
19.783333 8.408794
19.800000 8.427686
19.816667 8.446605
19.833333 8.465550
19.850000 8.484522
19.866667 8.503520
19.883333 8.522545
19.900000 8.541597
19.916667 8.560675
19.933333 8.579779
19.950000 8.598910
19.966667 8.618068
19.983333 8.637253
20.000000 8.656464
20.016667 8.675702
20.033333 8.694967
20.050000 8.714258
20.066667 8.733576
20.083333 8.752921
20.100000 8.772292
20.116667 8.791691
20.133333 8.811116
20.150000 8.830568
20.166667 8.850047
20.183333 8.869552
20.200000 8.889085
20.216667 8.908644
20.233333 8.928230
20.250000 8.947843
20.266667 8.967483
20.283333 8.987150
20.300000 9.006844
20.316667 9.026564
20.333333 9.046312
20.350000 9.066087
20.366667 9.085889
20.383333 9.105717
20.400000 9.125573
20.416667 9.145456
20.433333 9.165366
20.450000 9.185302
20.466667 9.205266
20.483333 9.225258
20.500000 9.245276
20.516667 9.265321
20.533333 9.285393
20.550000 9.305493
20.566667 9.325620
20.583333 9.345774
20.600000 9.365955
20.616667 9.386163
20.633333 9.406399
20.650000 9.426662
20.666667 9.446952
20.683333 9.467269
20.700000 9.487614
20.716667 9.507986
20.733333 9.528385
20.750000 9.548812
20.766667 9.569266
20.783333 9.589747
20.800000 9.610256
20.816667 9.630792
20.833333 9.651356
20.850000 9.671946
20.866667 9.692565
20.883333 9.713211
20.900000 9.733884
20.916667 9.754585
20.933333 9.775313
20.950000 9.796069
20.966667 9.816852
20.983333 9.837663
21.000000 9.858501
21.016667 9.879367
21.033333 9.900260
21.050000 9.921182
21.066667 9.942130
21.083333 9.963107
21.100000 9.984111
21.116667 10.005142
21.133333 10.026202
21.150000 10.047289
21.166667 10.068403
21.183333 10.089546
21.200000 10.110716
21.216667 10.131914
21.233333 10.153139
21.250000 10.174393
21.266667 10.195674
21.283333 10.216983
21.300000 10.238319
21.316667 10.259684
21.333333 10.281076
21.350000 10.302497
21.366667 10.323945
21.383333 10.345421
21.400000 10.366925
21.416667 10.388457
21.433333 10.410017
21.450000 10.431604
21.466667 10.453220
21.483333 10.474864
21.500000 10.496535
21.516667 10.518235
21.533333 10.539963
21.550000 10.561718
21.566667 10.583502
21.583333 10.605314
21.600000 10.627154
21.616667 10.649022
21.633333 10.670918
21.650000 10.692842
21.666667 10.714794
21.683333 10.736775
21.700000 10.758783
21.716667 10.780820
21.733333 10.802885
21.750000 10.824978
21.766667 10.847100
21.783333 10.869250
21.800000 10.891427
21.816667 10.913634
21.833333 10.935868
21.850000 10.958131
21.866667 10.980422
21.883333 11.002741
21.900000 11.025089
21.916667 11.047465
21.933333 11.069869
21.950000 11.092302
21.966667 11.114763
21.983333 11.137253
22.000000 11.159771
22.016667 11.182317
22.033333 11.204892
22.050000 11.227495
22.066667 11.250127
22.083333 11.272787
22.100000 11.295476
22.116667 11.318193
22.133333 11.340939
22.150000 11.363714
22.166667 11.386517
22.183333 11.409348
22.200000 11.432208
22.216667 11.455097
22.233333 11.478014
22.250000 11.500960
22.266667 11.523935
22.283333 11.546938
22.300000 11.569970
22.316667 11.593031
22.333333 11.616120
22.350000 11.639238
22.366667 11.662385
22.383333 11.685561
22.400000 11.708765
22.416667 11.731998
22.433333 11.755260
22.450000 11.778551
22.466667 11.801870
22.483333 11.825219
22.500000 11.848596
22.516667 11.872002
22.533333 11.895437
22.550000 11.918901
22.566667 11.942393
22.583333 11.965915
22.600000 11.989466
22.616667 12.013045
22.633333 12.036654
22.650000 12.060291
22.666667 12.083958
22.683333 12.107653
22.700000 12.131378
22.716667 12.155131
22.733333 12.178914
22.750000 12.202726
22.766667 12.226566
22.783333 12.250436
22.800000 12.274335
22.816667 12.298263
22.833333 12.322220
22.850000 12.346206
22.866667 12.370222
22.883333 12.394267
22.900000 12.418340
22.916667 12.442443
22.933333 12.466576
22.950000 12.490737
22.966667 12.514928
22.983333 12.539148
23.000000 12.563397
23.016667 12.587676
23.033333 12.611984
23.050000 12.636321
23.066667 12.660687
23.083333 12.685083
23.100000 12.709508
23.116667 12.733963
23.133333 12.758447
23.150000 12.782960
23.166667 12.807503
23.183333 12.832075
23.200000 12.856677
23.216667 12.881308
23.233333 12.905969
23.250000 12.930659
23.266667 12.955378
23.283333 12.980127
23.300000 13.004906
23.316667 13.029714
23.333333 13.054552
23.350000 13.079419
23.366667 13.104316
23.383333 13.129242
23.400000 13.154199
23.416667 13.179184
23.433333 13.204200
23.450000 13.229245
23.466667 13.254319
23.483333 13.279424
23.500000 13.304558
23.516667 13.329721
23.533333 13.354915
23.550000 13.380138
23.566667 13.405391
23.583333 13.430674
23.600000 13.455986
23.616667 13.481329
23.633333 13.506701
23.650000 13.532103
23.666667 13.557535
23.683333 13.582996
23.700000 13.608488
23.716667 13.634009
23.733333 13.659561
23.750000 13.685142
23.766667 13.710753
23.783333 13.736394
23.800000 13.762065
23.816667 13.787766
23.833333 13.813497
23.850000 13.839258
23.866667 13.865049
23.883333 13.890870
23.900000 13.916721
23.916667 13.942602
23.933333 13.968513
23.950000 13.994454
23.966667 14.020425
23.983333 14.046426
24.000000 14.072458
24.016667 14.098520
24.033333 14.124611
24.050000 14.150733
24.066667 14.176885
24.083333 14.203068
24.100000 14.229280
24.116667 14.255523
24.133333 14.281796
24.150000 14.308099
24.166667 14.334432
24.183333 14.360795
24.200000 14.387189
24.216667 14.413613
24.233333 14.440067
24.250000 14.466551
24.266667 14.493066
24.283333 14.519611
24.300000 14.546186
24.316667 14.572791
24.333333 14.599426
24.350000 14.626091
24.366667 14.652787
24.383333 14.679513
24.400000 14.706268
24.416667 14.733054
24.433333 14.759869
24.450000 14.786715
24.466667 14.813590
24.483333 14.840495
24.500000 14.867429
24.516667 14.894392
24.533333 14.921385
24.550000 14.948407
24.566667 14.975458
24.583333 15.002538
24.600000 15.029646
24.616667 15.056782
24.633333 15.083946
24.650000 15.111137
24.666667 15.138356
24.683333 15.165602
24.700000 15.192873
24.716667 15.220171
24.733333 15.247494
24.750000 15.274842
24.766667 15.302214
24.783333 15.329610
24.800000 15.357029
24.816667 15.384470
24.833333 15.411933
24.850000 15.439416
24.866667 15.466920
24.883333 15.494443
24.900000 15.521984
24.916667 15.549543
24.933333 15.577118
24.950000 15.604709
24.966667 15.632314
24.983333 15.659933
25.000000 15.687566
25.016667 15.715210
25.033333 15.742865
25.050000 15.770529
25.066667 15.798203
25.083333 15.825886
25.100000 15.853575
25.116667 15.881271
25.133333 15.908972
25.150000 15.936678
25.166667 15.964389
25.183333 15.992102
25.200000 16.019818
25.216667 16.047536
25.233333 16.075256
25.250000 16.102976
25.266667 16.130697
25.283333 16.158417
25.300000 16.186137
25.316667 16.213855
25.333333 16.241572
25.350000 16.269287
25.366667 16.297000
25.383333 16.324711
25.400000 16.352420
25.416667 16.380126
25.433333 16.407830
25.450000 16.435532
25.466667 16.463231
25.483333 16.490929
25.500000 16.518624
25.516667 16.546318
25.533333 16.574010
25.550000 16.601700
25.566667 16.629389
25.583333 16.657077
25.600000 16.684763
25.616667 16.712447
25.633333 16.740131
25.650000 16.767813
25.666667 16.795494
25.683333 16.823174
25.700000 16.850853
25.716667 16.878531
25.733333 16.906208
25.750000 16.933884
25.766667 16.961559
25.783333 16.989234
25.800000 17.016908
25.816667 17.044581
25.833333 17.072253
25.850000 17.099925
25.866667 17.127596
25.883333 17.155267
25.900000 17.182937
25.916667 17.210607
25.933333 17.238276
25.950000 17.265944
25.966667 17.293612
25.983333 17.321280
26.000000 17.348948
26.016667 17.376615
26.033333 17.404281
26.050000 17.431948
26.066667 17.459614
26.083333 17.487280
26.100000 17.514945
26.116667 17.542611
26.133333 17.570276
26.150000 17.597941
26.166667 17.625605
26.183333 17.653270
26.200000 17.680934
26.216667 17.708599
26.233333 17.736263
26.250000 17.763927
26.266667 17.791591
26.283333 17.819255
26.300000 17.846918
26.316667 17.874582
26.333333 17.902246
26.350000 17.929910
26.366667 17.957573
26.383333 17.985237
26.400000 18.012901
26.416667 18.040565
26.433333 18.068228
26.450000 18.095892
26.466667 18.123556
26.483333 18.151220
26.500000 18.178884
26.516667 18.206549
26.533333 18.234213
26.550000 18.261878
26.566667 18.289542
26.583333 18.317207
26.600000 18.344872
26.616667 18.372537
26.633333 18.400202
26.650000 18.427867
26.666667 18.455533
26.683333 18.483199
26.700000 18.510865
26.716667 18.538531
26.733333 18.566197
26.750000 18.593863
26.766667 18.621530
26.783333 18.649196
26.800000 18.676863
26.816667 18.704530
26.833333 18.732197
26.850000 18.759864
26.866667 18.787531
26.883333 18.815198
26.900000 18.842865
26.916667 18.870533
26.933333 18.898200
26.950000 18.925868
26.966667 18.953535
26.983333 18.981202
27.000000 19.008870
27.016667 19.036537
27.033333 19.064205
27.050000 19.091872
27.066667 19.119540
27.083333 19.147207
27.100000 19.174874
27.116667 19.202542
27.133333 19.230209
27.150000 19.257876
27.166667 19.285543
27.183333 19.313211
27.200000 19.340878
27.216667 19.368545
27.233333 19.396212
27.250000 19.423879
27.266667 19.451546
27.283333 19.479213
27.300000 19.506880
27.316667 19.534547
27.333333 19.562214
27.350000 19.589881
27.366667 19.617548
27.383333 19.645214
27.400000 19.672881
27.416667 19.700548
27.433333 19.728215
27.450000 19.755882
27.466667 19.783549
27.483333 19.811215
27.500000 19.838882
27.516667 19.866549
27.533333 19.894216
27.550000 19.921883
27.566667 19.949549
27.583333 19.977216
27.600000 20.004883
27.616667 20.032550
27.633333 20.060217
27.650000 20.087883
27.666667 20.115550
27.683333 20.143217
27.700000 20.170884
27.716667 20.198551
27.733333 20.226218
27.750000 20.253885
27.766667 20.281552
27.783333 20.309218
27.800000 20.336885
27.816667 20.364552
27.833333 20.392219
27.850000 20.419886
27.866667 20.447553
27.883333 20.475220
27.900000 20.502886
27.916667 20.530553
27.933333 20.558220
27.950000 20.585887
27.966667 20.613554
27.983333 20.641220
28.000000 20.668887
28.016667 20.696554
28.033333 20.724221
28.050000 20.751887
28.066667 20.779554
28.083333 20.807221
28.100000 20.834888
28.116667 20.862554
28.133333 20.890221
28.150000 20.917888
28.166667 20.945554
28.183333 20.973221
28.200000 21.000888
28.216667 21.028555
28.233333 21.056221
28.250000 21.083888
28.266667 21.111555
28.283333 21.139222
28.300000 21.166888
28.316667 21.194555
28.333333 21.222222
28.350000 21.249889
28.366667 21.277555
28.383333 21.305222
28.400000 21.332889
28.416667 21.360556
28.433333 21.388223
28.450000 21.415889
28.466667 21.443556
28.483333 21.471223
28.500000 21.498890
28.516667 21.526557
28.533333 21.554223
28.550000 21.581890
28.566667 21.609557
28.583333 21.637224
28.600000 21.664891
28.616667 21.692557
28.633333 21.720224
28.650000 21.747891
28.666667 21.775558
28.683333 21.803225
28.700000 21.830892
28.716667 21.858558
28.733333 21.886225
28.750000 21.913892
28.766667 21.941559
28.783333 21.969225
28.800000 21.996892
28.816667 22.024559
28.833333 22.052226
28.850000 22.079893
28.866667 22.107559
28.883333 22.135226
28.900000 22.162893
28.916667 22.190560
28.933333 22.218227
28.950000 22.245893
28.966667 22.273560
28.983333 22.301227
29.000000 22.328894
29.016667 22.356560
29.033333 22.384227
29.050000 22.411894
29.066667 22.439561
29.083333 22.467228
29.100000 22.494894
29.116667 22.522561
29.133333 22.550228
29.150000 22.577895
29.166667 22.605562
29.183333 22.633229
29.200000 22.660895
29.216667 22.688562
29.233333 22.716229
29.250000 22.743896
29.266667 22.771563
29.283333 22.799229
29.300000 22.826896
29.316667 22.854563
29.333333 22.882230
29.350000 22.909897
29.366667 22.937563
29.383333 22.965230
29.400000 22.992897
29.416667 23.020564
29.433333 23.048231
29.450000 23.075897
29.466667 23.103564
29.483333 23.131231
29.500000 23.158898
29.516667 23.186564
29.533333 23.214231
29.550000 23.241898
29.566667 23.269565
29.583333 23.297232
29.600000 23.324898
29.616667 23.352565
29.633333 23.380232
29.650000 23.407899
29.666667 23.435566
29.683333 23.463232
29.700000 23.490899
29.716667 23.518566
29.733333 23.546233
29.750000 23.573900
29.766667 23.601566
29.783333 23.629233
29.800000 23.656900
29.816667 23.684567
29.833333 23.712234
29.850000 23.739900
29.866667 23.767567
29.883333 23.795234
29.900000 23.822901
29.916667 23.850568
29.933333 23.878234
29.950000 23.905901
29.966667 23.933568
29.983333 23.961235
30.000000 23.988894
30.016667 24.016522
30.033333 24.044119
30.050000 24.071686
30.066667 24.099222
30.083333 24.126727
30.100000 24.154202
30.116667 24.181645
30.133333 24.209058
30.150000 24.236441
30.166667 24.263793
30.183333 24.291114
30.200000 24.318405
30.216667 24.345665
30.233333 24.372895
30.250000 24.400094
30.266667 24.427263
30.283333 24.454401
30.300000 24.481509
30.316667 24.508587
30.333333 24.535634
30.350000 24.562651
30.366667 24.589638
30.383333 24.616595
30.400000 24.643521
30.416667 24.670417
30.433333 24.697283
30.450000 24.724119
30.466667 24.750925
30.483333 24.777701
30.500000 24.804446
30.516667 24.831162
30.533333 24.857847
30.550000 24.884503
30.566667 24.911129
30.583333 24.937725
30.600000 24.964290
30.616667 24.990826
30.633333 25.017333
30.650000 25.043809
30.666667 25.070256
30.683333 25.096673
30.700000 25.123060
30.716667 25.149417
30.733333 25.175745
30.750000 25.202043
30.766667 25.228312
30.783333 25.254550
30.800000 25.280760
30.816667 25.306940
30.833333 25.333090
30.850000 25.359211
30.866667 25.385302
30.883333 25.411364
30.900000 25.437397
30.916667 25.463400
30.933333 25.489374
30.950000 25.515318
30.966667 25.541233
30.983333 25.567119
31.000000 25.592976
31.016667 25.618804
31.033333 25.644602
31.050000 25.670371
31.066667 25.696111
31.083333 25.721822
31.100000 25.747504
31.116667 25.773157
31.133333 25.798781
31.150000 25.824375
31.166667 25.849941
31.183333 25.875478
31.200000 25.900986
31.216667 25.926465
31.233333 25.951915
31.250000 25.977337
31.266667 26.002729
31.283333 26.028093
31.300000 26.053428
31.316667 26.078734
31.333333 26.104012
31.350000 26.129261
31.366667 26.154481
31.383333 26.179673
31.400000 26.204836
31.416667 26.229971
31.433333 26.255077
31.450000 26.280154
31.466667 26.305203
31.483333 26.330223
31.500000 26.355216
31.516667 26.380179
31.533333 26.405114
31.550000 26.430021
31.566667 26.454900
31.583333 26.479750
31.600000 26.504572
31.616667 26.529366
31.633333 26.554132
31.650000 26.578869
31.666667 26.603578
31.683333 26.628259
31.700000 26.652912
31.716667 26.677537
31.733333 26.702134
31.750000 26.726703
31.766667 26.751244
31.783333 26.775756
31.800000 26.800241
31.816667 26.824698
31.833333 26.849127
31.850000 26.873528
31.866667 26.897901
31.883333 26.922247
31.900000 26.946565
31.916667 26.970854
31.933333 26.995117
31.950000 27.019351
31.966667 27.043558
31.983333 27.067737
32.000000 27.091888
32.016667 27.116012
32.033333 27.140108
32.050000 27.164177
32.066667 27.188218
32.083333 27.212232
32.100000 27.236218
32.116667 27.260176
32.133333 27.284108
32.150000 27.308011
32.166667 27.331888
32.183333 27.355737
32.200000 27.379559
32.216667 27.403353
32.233333 27.427121
32.250000 27.450861
32.266667 27.474573
32.283333 27.498259
32.300000 27.521917
32.316667 27.545549
32.333333 27.569153
32.350000 27.592730
32.366667 27.616280
32.383333 27.639803
32.400000 27.663299
32.416667 27.686768
32.433333 27.710210
32.450000 27.733625
32.466667 27.757013
32.483333 27.780374
32.500000 27.803709
32.516667 27.827016
32.533333 27.850297
32.550000 27.873551
32.566667 27.896779
32.583333 27.919979
32.600000 27.943153
32.616667 27.966300
32.633333 27.989421
32.650000 28.012515
32.666667 28.035582
32.683333 28.058623
32.700000 28.081637
32.716667 28.104625
32.733333 28.127586
32.750000 28.150521
32.766667 28.173429
32.783333 28.196311
32.800000 28.219166
32.816667 28.241996
32.833333 28.264798
32.850000 28.287575
32.866667 28.310325
32.883333 28.333049
32.900000 28.355747
32.916667 28.378418
32.933333 28.401064
32.950000 28.423683
32.966667 28.446276
32.983333 28.468843
33.000000 28.491384
33.016667 28.513898
33.033333 28.536387
33.050000 28.558850
33.066667 28.581287
33.083333 28.603698
33.100000 28.626083
33.116667 28.648442
33.133333 28.670775
33.150000 28.693082
33.166667 28.715363
33.183333 28.737619
33.200000 28.759849
33.216667 28.782053
33.233333 28.804232
33.250000 28.826384
33.266667 28.848511
33.283333 28.870613
33.300000 28.892689
33.316667 28.914739
33.333333 28.936763
33.350000 28.958763
33.366667 28.980736
33.383333 29.002684
33.400000 29.024607
33.416667 29.046504
33.433333 29.068376
33.450000 29.090222
33.466667 29.112043
33.483333 29.133839
33.500000 29.155609
33.516667 29.177354
33.533333 29.199074
33.550000 29.220768
33.566667 29.242438
33.583333 29.264082
33.600000 29.285701
33.616667 29.307295
33.633333 29.328863
33.650000 29.350407
33.666667 29.371925
33.683333 29.393419
33.700000 29.414887
33.716667 29.436331
33.733333 29.457749
33.750000 29.479143
33.766667 29.500512
33.783333 29.521856
33.800000 29.543175
33.816667 29.564469
33.833333 29.585738
33.850000 29.606982
33.866667 29.628202
33.883333 29.649397
33.900000 29.670567
33.916667 29.691713
33.933333 29.712834
33.950000 29.733930
33.966667 29.755002
33.983333 29.776049
34.000000 29.797072
34.016667 29.818070
34.033333 29.839043
34.050000 29.859992
34.066667 29.880917
34.083333 29.901817
34.100000 29.922692
34.116667 29.943544
34.133333 29.964370
34.150000 29.985173
34.166667 30.005951
34.183333 30.026705
34.200000 30.047435
34.216667 30.068140
34.233333 30.088822
34.250000 30.109479
34.266667 30.130112
34.283333 30.150720
34.300000 30.171305
34.316667 30.191865
34.333333 30.212402
34.350000 30.232914
34.366667 30.253403
34.383333 30.273867
34.400000 30.294307
34.416667 30.314724
34.433333 30.335116
34.450000 30.355485
34.466667 30.375830
34.483333 30.396151
34.500000 30.416448
34.516667 30.436721
34.533333 30.456971
34.550000 30.477197
34.566667 30.497399
34.583333 30.517577
34.600000 30.537732
34.616667 30.557863
34.633333 30.577970
34.650000 30.598054
34.666667 30.618114
34.683333 30.638151
34.700000 30.658164
34.716667 30.678153
34.733333 30.698120
34.750000 30.718062
34.766667 30.737981
34.783333 30.757877
34.800000 30.777750
34.816667 30.797599
34.833333 30.817425
34.850000 30.837227
34.866667 30.857006
34.883333 30.876762
34.900000 30.896495
34.916667 30.916204
34.933333 30.935890
34.950000 30.955553
34.966667 30.975193
34.983333 30.994810
35.000000 31.014404
35.016667 31.033975
35.033333 31.053522
35.050000 31.073047
35.066667 31.092548
35.083333 31.112027
35.100000 31.131483
35.116667 31.150915
35.133333 31.170325
35.150000 31.189712
35.166667 31.209076
35.183333 31.228417
35.200000 31.247736
35.216667 31.267031
35.233333 31.286304
35.250000 31.305554
35.266667 31.324782
35.283333 31.343987
35.300000 31.363169
35.316667 31.382328
35.333333 31.401465
35.350000 31.420579
35.366667 31.439671
35.383333 31.458740
35.400000 31.477787
35.416667 31.496811
35.433333 31.515812
35.450000 31.534792
35.466667 31.553748
35.483333 31.572683
35.500000 31.591595
35.516667 31.610484
35.533333 31.629352
35.550000 31.648197
35.566667 31.667019
35.583333 31.685820
35.600000 31.704598
35.616667 31.723354
35.633333 31.742088
35.650000 31.760799
35.666667 31.779489
35.683333 31.798156
35.700000 31.816801
35.716667 31.835424
35.733333 31.854026
35.750000 31.872605
35.766667 31.891162
35.783333 31.909697
35.800000 31.928210
35.816667 31.946701
35.833333 31.965171
35.850000 31.983618
35.866667 32.002044
35.883333 32.020447
35.900000 32.038829
35.916667 32.057189
35.933333 32.075528
35.950000 32.093844
35.966667 32.112139
35.983333 32.130413
36.000000 32.148664
36.016667 32.166894
36.033333 32.185102
36.050000 32.203289
36.066667 32.221454
36.083333 32.239597
36.100000 32.257719
36.116667 32.275820
36.133333 32.293899
36.150000 32.311956
36.166667 32.329992
36.183333 32.348007
36.200000 32.366000
36.216667 32.383972
36.233333 32.401922
36.250000 32.419851
36.266667 32.437759
36.283333 32.455646
36.300000 32.473511
36.316667 32.491355
36.333333 32.509178
36.350000 32.526980
36.366667 32.544760
36.383333 32.562519
36.400000 32.580258
36.416667 32.597975
36.433333 32.615671
36.450000 32.633346
36.466667 32.651000
36.483333 32.668632
36.500000 32.686244
36.516667 32.703835
36.533333 32.721405
36.550000 32.738955
36.566667 32.756483
36.583333 32.773990
36.600000 32.791477
36.616667 32.808942
36.633333 32.826387
36.650000 32.843811
36.666667 32.861215
36.683333 32.878597
36.700000 32.895959
36.716667 32.913300
36.733333 32.930621
36.750000 32.947921
36.766667 32.965200
36.783333 32.982459
36.800000 32.999697
36.816667 33.016914
36.833333 33.034111
36.850000 33.051288
36.866667 33.068444
36.883333 33.085579
36.900000 33.102694
36.916667 33.119789
36.933333 33.136863
36.950000 33.153917
36.966667 33.170950
36.983333 33.187964
37.000000 33.204956
37.016667 33.221929
37.033333 33.238881
37.050000 33.255813
37.066667 33.272725
37.083333 33.289617
37.100000 33.306488
37.116667 33.323340
37.133333 33.340171
37.150000 33.356982
37.166667 33.373773
37.183333 33.390544
37.200000 33.407295
37.216667 33.424026
37.233333 33.440737
37.250000 33.457427
37.266667 33.474098
37.283333 33.490749
37.300000 33.507380
37.316667 33.523992
37.333333 33.540583
37.350000 33.557154
37.366667 33.573706
37.383333 33.590238
37.400000 33.606750
37.416667 33.623242
37.433333 33.639715
37.450000 33.656168
37.466667 33.672601
37.483333 33.689015
37.500000 33.705409
37.516667 33.721783
37.533333 33.738137
37.550000 33.754472
37.566667 33.770788
37.583333 33.787084
37.600000 33.803360
37.616667 33.819617
37.633333 33.835855
37.650000 33.852073
37.666667 33.868272
37.683333 33.884451
37.700000 33.900611
37.716667 33.916751
37.733333 33.932872
37.750000 33.948974
37.766667 33.965056
37.783333 33.981120
37.800000 33.997164
37.816667 34.013188
37.833333 34.029194
37.850000 34.045180
37.866667 34.061147
37.883333 34.077095
37.900000 34.093024
37.916667 34.108934
37.933333 34.124825
37.950000 34.140696
37.966667 34.156549
37.983333 34.172382
38.000000 34.188197
38.016667 34.203993
38.033333 34.219769
38.050000 34.235527
38.066667 34.251266
38.083333 34.266986
38.100000 34.282687
38.116667 34.298369
38.133333 34.314032
38.150000 34.329677
38.166667 34.345302
38.183333 34.360909
38.200000 34.376498
38.216667 34.392067
38.233333 34.407618
38.250000 34.423150
38.266667 34.438664
38.283333 34.454159
38.300000 34.469635
38.316667 34.485092
38.333333 34.500531
38.350000 34.515952
38.366667 34.531354
38.383333 34.546738
38.400000 34.562102
38.416667 34.577449
38.433333 34.592777
38.450000 34.608087
38.466667 34.623378
38.483333 34.638651
38.500000 34.653905
38.516667 34.669142
38.533333 34.684359
38.550000 34.699559
38.566667 34.714740
38.583333 34.729903
38.600000 34.745048
38.616667 34.760174
38.633333 34.775283
38.650000 34.790373
38.666667 34.805445
38.683333 34.820499
38.700000 34.835535
38.716667 34.850552
38.733333 34.865552
38.750000 34.880534
38.766667 34.895497
38.783333 34.910443
38.800000 34.925370
38.816667 34.940280
38.833333 34.955171
38.850000 34.970045
38.866667 34.984901
38.883333 34.999739
38.900000 35.014559
38.916667 35.029361
38.933333 35.044145
38.950000 35.058912
38.966667 35.073661
38.983333 35.088392
39.000000 35.103105
39.016667 35.117800
39.033333 35.132478
39.050000 35.147138
39.066667 35.161781
39.083333 35.176406
39.100000 35.191013
39.116667 35.205603
39.133333 35.220175
39.150000 35.234729
39.166667 35.249266
39.183333 35.263786
39.200000 35.278287
39.216667 35.292772
39.233333 35.307239
39.250000 35.321689
39.266667 35.336121
39.283333 35.350535
39.300000 35.364933
39.316667 35.379313
39.333333 35.393676
39.350000 35.408021
39.366667 35.422349
39.383333 35.436660
39.400000 35.450953
39.416667 35.465230
39.433333 35.479489
39.450000 35.493731
39.466667 35.507955
39.483333 35.522163
39.500000 35.536353
39.516667 35.550527
39.533333 35.564683
39.550000 35.578822
39.566667 35.592944
39.583333 35.607049
39.600000 35.621137
39.616667 35.635208
39.633333 35.649262
39.650000 35.663299
39.666667 35.677319
39.683333 35.691323
39.700000 35.705309
39.716667 35.719278
39.733333 35.733231
39.750000 35.747167
39.766667 35.761086
39.783333 35.774988
39.800000 35.788873
39.816667 35.802742
39.833333 35.816594
39.850000 35.830429
39.866667 35.844247
39.883333 35.858049
39.900000 35.871834
39.916667 35.885602
39.933333 35.899354
39.950000 35.913089
39.966667 35.926808
39.983333 35.940510
40.000000 35.954196
40.016667 35.967865
40.033333 35.981517
40.050000 35.995153
40.066667 36.008773
40.083333 36.022376
40.100000 36.035963
40.116667 36.049533
40.133333 36.063087
40.150000 36.076624
40.166667 36.090145
40.183333 36.103650
40.200000 36.117139
40.216667 36.130611
40.233333 36.144067
40.250000 36.157506
40.266667 36.170930
40.283333 36.184337
40.300000 36.197728
40.316667 36.211103
40.333333 36.224462
40.350000 36.237804
40.366667 36.251131
40.383333 36.264441
40.400000 36.277735
40.416667 36.291013
40.433333 36.304276
40.450000 36.317522
40.466667 36.330752
40.483333 36.343966
40.500000 36.357164
40.516667 36.370346
40.533333 36.383512
40.550000 36.396663
40.566667 36.409797
40.583333 36.422916
40.600000 36.436019
40.616667 36.449106
40.633333 36.462177
40.650000 36.475232
40.666667 36.488271
40.683333 36.501295
40.700000 36.514303
40.716667 36.527295
40.733333 36.540272
40.750000 36.553233
40.766667 36.566178
40.783333 36.579108
40.800000 36.592022
40.816667 36.604920
40.833333 36.617803
40.850000 36.630670
40.866667 36.643522
40.883333 36.656358
40.900000 36.669178
40.916667 36.681983
40.933333 36.694773
40.950000 36.707547
40.966667 36.720306
40.983333 36.733049
41.000000 36.745777
41.016667 36.758489
41.033333 36.771186
41.050000 36.783868
41.066667 36.796534
41.083333 36.809186
41.100000 36.821821
41.116667 36.834442
41.133333 36.847047
41.150000 36.859637
41.166667 36.872212
41.183333 36.884771
41.200000 36.897316
41.216667 36.909845
41.233333 36.922359
41.250000 36.934858
41.266667 36.947342
41.283333 36.959811
41.300000 36.972264
41.316667 36.984703
41.333333 36.997127
41.350000 37.009535
41.366667 37.021929
41.383333 37.034307
41.400000 37.046671
41.416667 37.059019
41.433333 37.071353
41.450000 37.083672
41.466667 37.095976
41.483333 37.108265
41.500000 37.120539
41.516667 37.132798
41.533333 37.145043
41.550000 37.157273
41.566667 37.169487
41.583333 37.181688
41.600000 37.193873
41.616667 37.206044
41.633333 37.218200
41.650000 37.230341
41.666667 37.242467
41.683333 37.254579
41.700000 37.266676
41.716667 37.278759
41.733333 37.290827
41.750000 37.302881
41.766667 37.314919
41.783333 37.326944
41.800000 37.338953
41.816667 37.350949
41.833333 37.362929
41.850000 37.374896
41.866667 37.386847
41.883333 37.398785
41.900000 37.410708
41.916667 37.422616
41.933333 37.434510
41.950000 37.446390
41.966667 37.458255
41.983333 37.470106
42.000000 37.481943
42.016667 37.493765
42.033333 37.505573
42.050000 37.517367
42.066667 37.529147
42.083333 37.540912
42.100000 37.552663
42.116667 37.564400
42.133333 37.576122
42.150000 37.587831
42.166667 37.599525
42.183333 37.611205
42.200000 37.622872
42.216667 37.634524
42.233333 37.646161
42.250000 37.657785
42.266667 37.669395
42.283333 37.680991
42.300000 37.692573
42.316667 37.704140
42.333333 37.715694
42.350000 37.727234
42.366667 37.738760
42.383333 37.750272
42.400000 37.761770
42.416667 37.773254
42.433333 37.784724
42.450000 37.796180
42.466667 37.807623
42.483333 37.819052
42.500000 37.830466
42.516667 37.841868
42.533333 37.853255
42.550000 37.864628
42.566667 37.875988
42.583333 37.887334
42.600000 37.898667
42.616667 37.909985
42.633333 37.921290
42.650000 37.932582
42.666667 37.943859
42.683333 37.955124
42.700000 37.966374
42.716667 37.977611
42.733333 37.988834
42.750000 38.000044
42.766667 38.011240
42.783333 38.022423
42.800000 38.033592
42.816667 38.044748
42.833333 38.055890
42.850000 38.067019
42.866667 38.078134
42.883333 38.089236
42.900000 38.100325
42.916667 38.111400
42.933333 38.122461
42.950000 38.133510
42.966667 38.144545
42.983333 38.155566
43.000000 38.166575
43.016667 38.177570
43.033333 38.188552
43.050000 38.199520
43.066667 38.210476
43.083333 38.221418
43.100000 38.232347
43.116667 38.243262
43.133333 38.254165
43.150000 38.265054
43.166667 38.275931
43.183333 38.286794
43.200000 38.297644
43.216667 38.308481
43.233333 38.319304
43.250000 38.330115
43.266667 38.340913
43.283333 38.351697
43.300000 38.362469
43.316667 38.373228
43.333333 38.383973
43.350000 38.394706
43.366667 38.405426
43.383333 38.416133
43.400000 38.426827
43.416667 38.437508
43.433333 38.448176
43.450000 38.458831
43.466667 38.469474
43.483333 38.480103
43.500000 38.490720
43.516667 38.501324
43.533333 38.511915
43.550000 38.522493
43.566667 38.533059
43.583333 38.543612
43.600000 38.554152
43.616667 38.564680
43.633333 38.575194
43.650000 38.585696
43.666667 38.596186
43.683333 38.606663
43.700000 38.617127
43.716667 38.627578
43.733333 38.638017
43.750000 38.648444
43.766667 38.658857
43.783333 38.669259
43.800000 38.679647
43.816667 38.690024
43.833333 38.700387
43.850000 38.710738
43.866667 38.721077
43.883333 38.731403
43.900000 38.741717
43.916667 38.752019
43.933333 38.762308
43.950000 38.772584
43.966667 38.782848
43.983333 38.793100
44.000000 38.803340
44.016667 38.813567
44.033333 38.823782
44.050000 38.833984
44.066667 38.844175
44.083333 38.854353
44.100000 38.864518
44.116667 38.874672
44.133333 38.884813
44.150000 38.894942
44.166667 38.905059
44.183333 38.915164
44.200000 38.925256
44.216667 38.935337
44.233333 38.945405
44.250000 38.955461
44.266667 38.965505
44.283333 38.975537
44.300000 38.985557
44.316667 38.995565
44.333333 39.005561
44.350000 39.015544
44.366667 39.025516
44.383333 39.035476
44.400000 39.045424
44.416667 39.055360
44.433333 39.065283
44.450000 39.075195
44.466667 39.085095
44.483333 39.094983
44.500000 39.104860
44.516667 39.114724
44.533333 39.124577
44.550000 39.134417
44.566667 39.144246
44.583333 39.154063
44.600000 39.163868
44.616667 39.173662
44.633333 39.183443
44.650000 39.193213
44.666667 39.202971
44.683333 39.212718
44.700000 39.222452
44.716667 39.232175
44.733333 39.241887
44.750000 39.251586
44.766667 39.261275
44.783333 39.270951
44.800000 39.280616
44.816667 39.290269
44.833333 39.299910
44.850000 39.309540
44.866667 39.319159
44.883333 39.328766
44.900000 39.338361
44.916667 39.347945
44.933333 39.357517
44.950000 39.367078
44.966667 39.376627
44.983333 39.386165
45.000000 39.395692
45.016667 39.405207
45.033333 39.414710
45.050000 39.424203
45.066667 39.433683
45.083333 39.443153
45.100000 39.452611
45.116667 39.462058
45.133333 39.471493
45.150000 39.480917
45.166667 39.490330
45.183333 39.499732
45.200000 39.509122
45.216667 39.518501
45.233333 39.527869
45.250000 39.537225
45.266667 39.546570
45.283333 39.555904
45.300000 39.565227
45.316667 39.574539
45.333333 39.583840
45.350000 39.593129
45.366667 39.602407
45.383333 39.611675
45.400000 39.620931
45.416667 39.630176
45.433333 39.639410
45.450000 39.648633
45.466667 39.657844
45.483333 39.667045
45.500000 39.676235
45.516667 39.685414
45.533333 39.694582
45.550000 39.703738
45.566667 39.712884
45.583333 39.722019
45.600000 39.731143
45.616667 39.740256
45.633333 39.749358
45.650000 39.758450
45.666667 39.767530
45.683333 39.776600
45.700000 39.785658
45.716667 39.794706
45.733333 39.803743
45.750000 39.812770
45.766667 39.821785
45.783333 39.830790
45.800000 39.839784
45.816667 39.848767
45.833333 39.857739
45.850000 39.866701
45.866667 39.875652
45.883333 39.884592
45.900000 39.893522
45.916667 39.902441
45.933333 39.911349
45.950000 39.920247
45.966667 39.929134
45.983333 39.938010
46.000000 39.946876
46.016667 39.955731
46.033333 39.964576
46.050000 39.973410
46.066667 39.982233
46.083333 39.991046
46.100000 39.999849
46.116667 40.008641
46.133333 40.017422
46.150000 40.026193
46.166667 40.034954
46.183333 40.043704
46.200000 40.052443
46.216667 40.061173
46.233333 40.069891
46.250000 40.078600
46.266667 40.087298
46.283333 40.095985
46.300000 40.104663
46.316667 40.113330
46.333333 40.121986
46.350000 40.130633
46.366667 40.139269
46.383333 40.147894
46.400000 40.156510
46.416667 40.165115
46.433333 40.173710
46.450000 40.182295
46.466667 40.190869
46.483333 40.199433
46.500000 40.207987
46.516667 40.216531
46.533333 40.225065
46.550000 40.233588
46.566667 40.242102
46.583333 40.250605
46.600000 40.259098
46.616667 40.267581
46.633333 40.276054
46.650000 40.284517
46.666667 40.292970
46.683333 40.301413
46.700000 40.309845
46.716667 40.318268
46.733333 40.326681
46.750000 40.335083
46.766667 40.343476
46.783333 40.351859
46.800000 40.360231
46.816667 40.368594
46.833333 40.376947
46.850000 40.385290
46.866667 40.393623
46.883333 40.401946
46.900000 40.410259
46.916667 40.418562
46.933333 40.426856
46.950000 40.435139
46.966667 40.443413
46.983333 40.451677
47.000000 40.459931
47.016667 40.468176
47.033333 40.476410
47.050000 40.484635
47.066667 40.492850
47.083333 40.501055
47.100000 40.509251
47.116667 40.517437
47.133333 40.525613
47.150000 40.533779
47.166667 40.541936
47.183333 40.550083
47.200000 40.558220
47.216667 40.566348
47.233333 40.574466
47.250000 40.582575
47.266667 40.590674
47.283333 40.598763
47.300000 40.606843
47.316667 40.614913
47.333333 40.622973
47.350000 40.631024
47.366667 40.639066
47.383333 40.647098
47.400000 40.655120
47.416667 40.663133
47.433333 40.671137
47.450000 40.679131
47.466667 40.687115
47.483333 40.695090
47.500000 40.703056
47.516667 40.711012
47.533333 40.718959
47.550000 40.726897
47.566667 40.734825
47.583333 40.742743
47.600000 40.750653
47.616667 40.758553
47.633333 40.766443
47.650000 40.774324
47.666667 40.782196
47.683333 40.790059
47.700000 40.797913
47.716667 40.805757
47.733333 40.813591
47.750000 40.821417
47.766667 40.829233
47.783333 40.837041
47.800000 40.844838
47.816667 40.852627
47.833333 40.860407
47.850000 40.868177
47.866667 40.875938
47.883333 40.883690
47.900000 40.891433
47.916667 40.899167
47.933333 40.906891
47.950000 40.914607
47.966667 40.922313
47.983333 40.930010
48.000000 40.937699
48.016667 40.945378
48.033333 40.953048
48.050000 40.960709
48.066667 40.968361
48.083333 40.976004
48.100000 40.983638
48.116667 40.991263
48.133333 40.998879
48.150000 41.006486
48.166667 41.014085
48.183333 41.021674
48.200000 41.029254
48.216667 41.036825
48.233333 41.044388
48.250000 41.051941
48.266667 41.059486
48.283333 41.067022
48.300000 41.074549
48.316667 41.082067
48.333333 41.089576
48.350000 41.097076
48.366667 41.104568
48.383333 41.112051
48.400000 41.119524
48.416667 41.126990
48.433333 41.134446
48.450000 41.141894
48.466667 41.149333
48.483333 41.156763
48.500000 41.164184
48.516667 41.171597
48.533333 41.179001
48.550000 41.186396
48.566667 41.193783
48.583333 41.201161
48.600000 41.208530
48.616667 41.215891
48.633333 41.223243
48.650000 41.230586
48.666667 41.237921
48.683333 41.245247
48.700000 41.252565
48.716667 41.259874
48.733333 41.267174
48.750000 41.274466
48.766667 41.281750
48.783333 41.289025
48.800000 41.296291
48.816667 41.303549
48.833333 41.310798
48.850000 41.318039
48.866667 41.325271
48.883333 41.332495
48.900000 41.339710
48.916667 41.346917
48.933333 41.354116
48.950000 41.361306
48.966667 41.368488
48.983333 41.375661
49.000000 41.382826
49.016667 41.389982
49.033333 41.397131
49.050000 41.404270
49.066667 41.411402
49.083333 41.418525
49.100000 41.425640
49.116667 41.432746
49.133333 41.439845
49.150000 41.446934
49.166667 41.454016
49.183333 41.461089
49.200000 41.468154
49.216667 41.475211
49.233333 41.482260
49.250000 41.489300
49.266667 41.496332
49.283333 41.503356
49.300000 41.510372
49.316667 41.517380
49.333333 41.524379
49.350000 41.531370
49.366667 41.538353
49.383333 41.545328
49.400000 41.552295
49.416667 41.559254
49.433333 41.566205
49.450000 41.573147
49.466667 41.580081
49.483333 41.587008
49.500000 41.593926
49.516667 41.600836
49.533333 41.607738
49.550000 41.614633
49.566667 41.621519
49.583333 41.628397
49.600000 41.635267
49.616667 41.642129
49.633333 41.648983
49.650000 41.655829
49.666667 41.662668
49.683333 41.669498
49.700000 41.676320
49.716667 41.683134
49.733333 41.689941
49.750000 41.696739
49.766667 41.703530
49.783333 41.710313
49.800000 41.717088
49.816667 41.723855
49.833333 41.730614
49.850000 41.737365
49.866667 41.744109
49.883333 41.750844
49.900000 41.757572
49.916667 41.764292
49.933333 41.771005
49.950000 41.777709
49.966667 41.784406
49.983333 41.791095
50.000000 41.797776
50.016667 41.804449
50.033333 41.811115
50.050000 41.817773
50.066667 41.824423
50.083333 41.831066
50.100000 41.837700
50.116667 41.844328
50.133333 41.850947
50.150000 41.857559
50.166667 41.864163
50.183333 41.870760
50.200000 41.877349
50.216667 41.883930
50.233333 41.890504
50.250000 41.897070
50.266667 41.903628
50.283333 41.910179
50.300000 41.916722
50.316667 41.923258
50.333333 41.929786
50.350000 41.936307
50.366667 41.942820
50.383333 41.949326
50.400000 41.955824
50.416667 41.962314
50.433333 41.968798
50.450000 41.975273
50.466667 41.981741
50.483333 41.988202
50.500000 41.994655
50.516667 42.001101
50.533333 42.007539
50.550000 42.013970
50.566667 42.020394
50.583333 42.026810
50.600000 42.033219
50.616667 42.039620
50.633333 42.046014
50.650000 42.052400
50.666667 42.058780
50.683333 42.065152
50.700000 42.071516
50.716667 42.077873
50.733333 42.084223
50.750000 42.090566
50.766667 42.096901
50.783333 42.103229
50.800000 42.109550
50.816667 42.115863
50.833333 42.122170
50.850000 42.128469
50.866667 42.134760
50.883333 42.141045
50.900000 42.147322
50.916667 42.153592
50.933333 42.159855
50.950000 42.166110
50.966667 42.172359
50.983333 42.178600
51.000000 42.184834
51.016667 42.191061
51.033333 42.197281
51.050000 42.203494
51.066667 42.209699
51.083333 42.215898
51.100000 42.222089
51.116667 42.228273
51.133333 42.234451
51.150000 42.240621
51.166667 42.246784
51.183333 42.252940
51.200000 42.259088
51.216667 42.265230
51.233333 42.271365
51.250000 42.277493
51.266667 42.283614
51.283333 42.289727
51.300000 42.295834
51.316667 42.301934
51.333333 42.308027
51.350000 42.314112
51.366667 42.320191
51.383333 42.326263
51.400000 42.332328
51.416667 42.338386
51.433333 42.344437
51.450000 42.350482
51.466667 42.356519
51.483333 42.362549
51.500000 42.368573
51.516667 42.374589
51.533333 42.380599
51.550000 42.386602
51.566667 42.392598
51.583333 42.398587
51.600000 42.404570
51.616667 42.410545
51.633333 42.416514
51.650000 42.422476
51.666667 42.428431
51.683333 42.434379
51.700000 42.440321
51.716667 42.446256
51.733333 42.452184
51.750000 42.458105
51.766667 42.464020
51.783333 42.469928
51.800000 42.475829
51.816667 42.481723
51.833333 42.487611
51.850000 42.493492
51.866667 42.499366
51.883333 42.505233
51.900000 42.511094
51.916667 42.516949
51.933333 42.522796
51.950000 42.528637
51.966667 42.534471
51.983333 42.540299
52.000000 42.546120
52.016667 42.551935
52.033333 42.557743
52.050000 42.563544
52.066667 42.569338
52.083333 42.575127
52.100000 42.580908
52.116667 42.586683
52.133333 42.592451
52.150000 42.598213
52.166667 42.603969
52.183333 42.609718
52.200000 42.615460
52.216667 42.621196
52.233333 42.626925
52.250000 42.632648
52.266667 42.638364
52.283333 42.644074
52.300000 42.649777
52.316667 42.655474
52.333333 42.661165
52.350000 42.666849
52.366667 42.672526
52.383333 42.678198
52.400000 42.683862
52.416667 42.689521
52.433333 42.695173
52.450000 42.700818
52.466667 42.706457
52.483333 42.712090
52.500000 42.717717
52.516667 42.723337
52.533333 42.728951
52.550000 42.734558
52.566667 42.740159
52.583333 42.745754
52.600000 42.751342
52.616667 42.756925
52.633333 42.762500
52.650000 42.768070
52.666667 42.773633
52.683333 42.779190
52.700000 42.784741
52.716667 42.790286
52.733333 42.795824
52.750000 42.801356
52.766667 42.806882
52.783333 42.812401
52.800000 42.817915
52.816667 42.823422
52.833333 42.828923
52.850000 42.834418
52.866667 42.839906
52.883333 42.845389
52.900000 42.850865
52.916667 42.856335
52.933333 42.861799
52.950000 42.867257
52.966667 42.872708
52.983333 42.878154
53.000000 42.883593
53.016667 42.889027
53.033333 42.894454
53.050000 42.899875
53.066667 42.905290
53.083333 42.910699
53.100000 42.916102
53.116667 42.921499
53.133333 42.926889
53.150000 42.932274
53.166667 42.937653
53.183333 42.943025
53.200000 42.948392
53.216667 42.953753
53.233333 42.959107
53.250000 42.964456
53.266667 42.969799
53.283333 42.975135
53.300000 42.980466
53.316667 42.985791
53.333333 42.991109
53.350000 42.996422
53.366667 43.001729
53.383333 43.007030
53.400000 43.012325
53.416667 43.017614
53.433333 43.022897
53.450000 43.028175
53.466667 43.033446
53.483333 43.038712
53.500000 43.043971
53.516667 43.049225
53.533333 43.054473
53.550000 43.059715
53.566667 43.064951
53.583333 43.070181
53.600000 43.075406
53.616667 43.080625
53.633333 43.085837
53.650000 43.091044
53.666667 43.096246
53.683333 43.101441
53.700000 43.106631
53.716667 43.111815
53.733333 43.116993
53.750000 43.122165
53.766667 43.127332
53.783333 43.132493
53.800000 43.137648
53.816667 43.142797
53.833333 43.147941
53.850000 43.153079
53.866667 43.158211
53.883333 43.163337
53.900000 43.168458
53.916667 43.173573
53.933333 43.178683
53.950000 43.183786
53.966667 43.188884
53.983333 43.193977
54.000000 43.199064
54.016667 43.204145
54.033333 43.209220
54.050000 43.214290
54.066667 43.219354
54.083333 43.224413
54.100000 43.229466
54.116667 43.234513
54.133333 43.239555
54.150000 43.244592
54.166667 43.249622
54.183333 43.254647
54.200000 43.259667
54.216667 43.264681
54.233333 43.269689
54.250000 43.274692
54.266667 43.279689
54.283333 43.284681
54.300000 43.289668
54.316667 43.294648
54.333333 43.299624
54.350000 43.304593
54.366667 43.309558
54.383333 43.314517
54.400000 43.319470
54.416667 43.324418
54.433333 43.329360
54.450000 43.334297
54.466667 43.339229
54.483333 43.344155
54.500000 43.349075
54.516667 43.353990
54.533333 43.358900
54.550000 43.363805
54.566667 43.368704
54.583333 43.373597
54.600000 43.378485
54.616667 43.383368
54.633333 43.388245
54.650000 43.393117
54.666667 43.397984
54.683333 43.402845
54.700000 43.407701
54.716667 43.412552
54.733333 43.417397
54.750000 43.422237
54.766667 43.427072
54.783333 43.431901
54.800000 43.436725
54.816667 43.441544
54.833333 43.446357
54.850000 43.451166
54.866667 43.455968
54.883333 43.460766
54.900000 43.465558
54.916667 43.470345
54.933333 43.475127
54.950000 43.479904
54.966667 43.484675
54.983333 43.489441
55.000000 43.494202
55.016667 43.498958
55.033333 43.503708
55.050000 43.508454
55.066667 43.513194
55.083333 43.517928
55.100000 43.522658
55.116667 43.527383
55.133333 43.532102
55.150000 43.536816
55.166667 43.541525
55.183333 43.546229
55.200000 43.550928
55.216667 43.555621
55.233333 43.560310
55.250000 43.564993
55.266667 43.569671
55.283333 43.574344
55.300000 43.579012
55.316667 43.583675
55.333333 43.588333
55.350000 43.592986
55.366667 43.597634
55.383333 43.602276
55.400000 43.606914
55.416667 43.611546
55.433333 43.616174
55.450000 43.620796
55.466667 43.625413
55.483333 43.630026
55.500000 43.634633
55.516667 43.639235
55.533333 43.643832
55.550000 43.648425
55.566667 43.653012
55.583333 43.657594
55.600000 43.662172
55.616667 43.666744
55.633333 43.671311
55.650000 43.675874
55.666667 43.680431
55.683333 43.684983
55.700000 43.689531
55.716667 43.694074
55.733333 43.698611
55.750000 43.703144
55.766667 43.707672
55.783333 43.712195
55.800000 43.716713
55.816667 43.721226
55.833333 43.725734
55.850000 43.730237
55.866667 43.734736
55.883333 43.739229
55.900000 43.743718
55.916667 43.748202
55.933333 43.752681
55.950000 43.757155
55.966667 43.761624
55.983333 43.766089
56.000000 43.770548
56.016667 43.775003
56.033333 43.779453
56.050000 43.783898
56.066667 43.788338
56.083333 43.792774
56.100000 43.797205
56.116667 43.801631
56.133333 43.806052
56.150000 43.810468
56.166667 43.814880
56.183333 43.819287
56.200000 43.823689
56.216667 43.828087
56.233333 43.832479
56.250000 43.836867
56.266667 43.841250
56.283333 43.845629
56.300000 43.850002
56.316667 43.854371
56.333333 43.858736
56.350000 43.863095
56.366667 43.867450
56.383333 43.871801
56.400000 43.876146
56.416667 43.880487
56.433333 43.884823
56.450000 43.889155
56.466667 43.893482
56.483333 43.897804
56.500000 43.902122
56.516667 43.906435
56.533333 43.910743
56.550000 43.915047
56.566667 43.919346
56.583333 43.923640
56.600000 43.927930
56.616667 43.932215
56.633333 43.936496
56.650000 43.940772
56.666667 43.945044
56.683333 43.949310
56.700000 43.953573
56.716667 43.957831
56.733333 43.962084
56.750000 43.966332
56.766667 43.970576
56.783333 43.974816
56.800000 43.979051
56.816667 43.983282
56.833333 43.987508
56.850000 43.991729
56.866667 43.995946
56.883333 44.000158
56.900000 44.004366
56.916667 44.008570
56.933333 44.012769
56.950000 44.016963
56.966667 44.021153
56.983333 44.025339
57.000000 44.029520
57.016667 44.033696
57.033333 44.037868
57.050000 44.042036
57.066667 44.046199
57.083333 44.050358
57.100000 44.054512
57.116667 44.058662
57.133333 44.062808
57.150000 44.066949
57.166667 44.071085
57.183333 44.075218
57.200000 44.079346
57.216667 44.083469
57.233333 44.087588
57.250000 44.091703
57.266667 44.095813
57.283333 44.099919
57.300000 44.104021
57.316667 44.108118
57.333333 44.112211
57.350000 44.116299
57.366667 44.120384
57.383333 44.124464
57.400000 44.128539
57.416667 44.132610
57.433333 44.136677
57.450000 44.140740
57.466667 44.144798
57.483333 44.148852
57.500000 44.152902
57.516667 44.156947
57.533333 44.160988
57.550000 44.165025
57.566667 44.169058
57.583333 44.173086
57.600000 44.177110
57.616667 44.181130
57.633333 44.185145
57.650000 44.189156
57.666667 44.193163
57.683333 44.197166
57.700000 44.201165
57.716667 44.205159
57.733333 44.209149
57.750000 44.213135
57.766667 44.217117
57.783333 44.221094
57.800000 44.225067
57.816667 44.229036
57.833333 44.233001
57.850000 44.236962
57.866667 44.240919
57.883333 44.244871
57.900000 44.248819
57.916667 44.252763
57.933333 44.256703
57.950000 44.260639
57.966667 44.264570
57.983333 44.268498
58.000000 44.272421
58.016667 44.276340
58.033333 44.280255
58.050000 44.284166
58.066667 44.288073
58.083333 44.291976
58.100000 44.295874
58.116667 44.299769
58.133333 44.303659
58.150000 44.307546
58.166667 44.311428
58.183333 44.315306
58.200000 44.319180
58.216667 44.323050
58.233333 44.326916
58.250000 44.330778
58.266667 44.334636
58.283333 44.338490
58.300000 44.342340
58.316667 44.346186
58.333333 44.350027
58.350000 44.353865
58.366667 44.357699
58.383333 44.361529
58.400000 44.365354
58.416667 44.369176
58.433333 44.372994
58.450000 44.376807
58.466667 44.380617
58.483333 44.384423
58.500000 44.388224
58.516667 44.392022
58.533333 44.395816
58.550000 44.399606
58.566667 44.403392
58.583333 44.407174
58.600000 44.410952
58.616667 44.414726
58.633333 44.418496
58.650000 44.422262
58.666667 44.426024
58.683333 44.429783
58.700000 44.433537
58.716667 44.437288
58.733333 44.441034
58.750000 44.444777
58.766667 44.448516
58.783333 44.452251
58.800000 44.455982
58.816667 44.459709
58.833333 44.463432
58.850000 44.467152
58.866667 44.470867
58.883333 44.474579
58.900000 44.478287
58.916667 44.481991
58.933333 44.485691
58.950000 44.489387
58.966667 44.493079
58.983333 44.496768
59.000000 44.500453
59.016667 44.504134
59.033333 44.507811
59.050000 44.511484
59.066667 44.515154
59.083333 44.518819
59.100000 44.522481
59.116667 44.526139
59.133333 44.529794
59.150000 44.533444
59.166667 44.537091
59.183333 44.540734
59.200000 44.544373
59.216667 44.548009
59.233333 44.551641
59.250000 44.555269
59.266667 44.558893
59.283333 44.562513
59.300000 44.566130
59.316667 44.569743
59.333333 44.573352
59.350000 44.576958
59.366667 44.580560
59.383333 44.584158
59.400000 44.587752
59.416667 44.591343
59.433333 44.594930
59.450000 44.598513
59.466667 44.602093
59.483333 44.605668
59.500000 44.609241
59.516667 44.612809
59.533333 44.616374
59.550000 44.619935
59.566667 44.623493
59.583333 44.627047
59.600000 44.630597
59.616667 44.634143
59.633333 44.637686
59.650000 44.641226
59.666667 44.644761
59.683333 44.648293
59.700000 44.651822
59.716667 44.655347
59.733333 44.658868
59.750000 44.662385
59.766667 44.665899
59.783333 44.669409
59.800000 44.672916
59.816667 44.676419
59.833333 44.679919
59.850000 44.683415
59.866667 44.686907
59.883333 44.690396
59.900000 44.693881
59.916667 44.697363
59.933333 44.700841
59.950000 44.704315
59.966667 44.707786
59.983333 44.711254
