0.000000 	 0.000003 
0.016667 	 0.000017 
0.033333 	 0.000039 
0.050000 	 0.000069 
0.066667 	 0.000104 
0.083333 	 0.000146 
0.100000 	 0.000193 
0.116667 	 0.000244 
0.133333 	 0.000301 
0.150000 	 0.000362 
0.166667 	 0.000428 
0.183333 	 0.000498 
0.200000 	 0.000572 
0.216667 	 0.000651 
0.233333 	 0.000733 
0.250000 	 0.000819 
0.266667 	 0.000909 
0.283333 	 0.001003 
0.300000 	 0.001100 
0.316667 	 0.001201 
0.333333 	 0.001306 
0.350000 	 0.001414 
0.366667 	 0.001525 
0.383333 	 0.001639 
0.400000 	 0.001757 
0.416667 	 0.001879 
0.433333 	 0.002003 
0.450000 	 0.002130 
0.466667 	 0.002261 
0.483333 	 0.002395 
0.500000 	 0.002532 
0.516667 	 0.002672 
0.533333 	 0.002814 
0.550000 	 0.002960 
0.566667 	 0.003109 
0.583333 	 0.003261 
0.600000 	 0.003415 
0.616667 	 0.003573 
0.633333 	 0.003733 
0.650000 	 0.003896 
0.666667 	 0.004061 
0.683333 	 0.004230 
0.700000 	 0.004401 
0.716667 	 0.004575 
0.733333 	 0.004752 
0.750000 	 0.004931 
0.766667 	 0.005113 
0.783333 	 0.005298 
0.800000 	 0.005485 
0.816667 	 0.005675 
0.833333 	 0.005867 
0.850000 	 0.006062 
0.866667 	 0.006259 
0.883333 	 0.006459 
0.900000 	 0.006662 
0.916667 	 0.006867 
0.933333 	 0.007074 
0.950000 	 0.007284 
0.966667 	 0.007496 
0.983333 	 0.007711 
1.000000 	 0.007928 
1.016667 	 0.008148 
1.033333 	 0.008370 
1.050000 	 0.008594 
1.066667 	 0.008821 
1.083333 	 0.009050 
1.100000 	 0.009282 
1.116667 	 0.009515 
1.133333 	 0.009751 
1.150000 	 0.009990 
1.166667 	 0.010231 
1.183333 	 0.010474 
1.200000 	 0.010719 
1.216667 	 0.010966 
1.233333 	 0.011216 
1.250000 	 0.011468 
1.266667 	 0.011723 
1.283333 	 0.011979 
1.300000 	 0.012238 
1.316667 	 0.012499 
1.333333 	 0.012762 
1.350000 	 0.013027 
1.366667 	 0.013295 
1.383333 	 0.013564 
1.400000 	 0.013836 
1.416667 	 0.014110 
1.433333 	 0.014386 
1.450000 	 0.014664 
1.466667 	 0.014945 
1.483333 	 0.015227 
1.500000 	 0.015512 
1.516667 	 0.015799 
1.533333 	 0.016088 
1.550000 	 0.016378 
1.566667 	 0.016671 
1.583333 	 0.016967 
1.600000 	 0.017264 
1.616667 	 0.017563 
1.633333 	 0.017864 
1.650000 	 0.018167 
1.666667 	 0.018473 
1.683333 	 0.018780 
1.700000 	 0.019089 
1.716667 	 0.019401 
1.733333 	 0.019714 
1.750000 	 0.020030 
1.766667 	 0.020347 
1.783333 	 0.020667 
1.800000 	 0.020988 
1.816667 	 0.021311 
1.833333 	 0.021637 
1.850000 	 0.021964 
1.866667 	 0.022293 
1.883333 	 0.022625 
1.900000 	 0.022958 
1.916667 	 0.023293 
1.933333 	 0.023630 
1.950000 	 0.023969 
1.966667 	 0.024310 
1.983333 	 0.024653 
2.000000 	 0.024998 
2.016667 	 0.025344 
2.033333 	 0.025693 
2.050000 	 0.026043 
2.066667 	 0.026396 
2.083333 	 0.026750 
2.100000 	 0.027106 
2.116667 	 0.027464 
2.133333 	 0.027824 
2.150000 	 0.028186 
2.166667 	 0.028550 
2.183333 	 0.028915 
2.200000 	 0.029283 
2.216667 	 0.029652 
2.233333 	 0.030023 
2.250000 	 0.030396 
2.266667 	 0.030771 
2.283333 	 0.031148 
2.300000 	 0.031526 
2.316667 	 0.031906 
2.333333 	 0.032288 
2.350000 	 0.032672 
2.366667 	 0.033058 
2.383333 	 0.033446 
2.400000 	 0.033835 
2.416667 	 0.034226 
2.433333 	 0.034619 
2.450000 	 0.035014 
2.466667 	 0.035410 
2.483333 	 0.035809 
2.500000 	 0.036209 
2.516667 	 0.036611 
2.533333 	 0.037014 
2.550000 	 0.037420 
2.566667 	 0.037827 
2.583333 	 0.038236 
2.600000 	 0.038647 
2.616667 	 0.039059 
2.633333 	 0.039473 
2.650000 	 0.039889 
2.666667 	 0.040307 
2.683333 	 0.040726 
2.700000 	 0.041147 
2.716667 	 0.041570 
2.733333 	 0.041995 
2.750000 	 0.042421 
2.766667 	 0.042849 
2.783333 	 0.043279 
2.800000 	 0.043711 
2.816667 	 0.044144 
2.833333 	 0.044579 
2.850000 	 0.045015 
2.866667 	 0.045454 
2.883333 	 0.045894 
2.900000 	 0.046335 
2.916667 	 0.046779 
2.933333 	 0.047224 
2.950000 	 0.047671 
2.966667 	 0.048119 
2.983333 	 0.048569 
3.000000 	 0.049021 
3.016667 	 0.049474 
3.033333 	 0.049930 
3.050000 	 0.050386 
3.066667 	 0.050845 
3.083333 	 0.051305 
3.100000 	 0.051767 
3.116667 	 0.052230 
3.133333 	 0.052695 
3.150000 	 0.053162 
3.166667 	 0.053631 
3.183333 	 0.054101 
3.200000 	 0.054572 
3.216667 	 0.055046 
3.233333 	 0.055520 
3.250000 	 0.055997 
3.266667 	 0.056475 
3.283333 	 0.056955 
3.300000 	 0.057436 
3.316667 	 0.057920 
3.333333 	 0.058404 
3.350000 	 0.058891 
3.366667 	 0.059378 
3.383333 	 0.059868 
3.400000 	 0.060359 
3.416667 	 0.060852 
3.433333 	 0.061346 
3.450000 	 0.061842 
3.466667 	 0.062340 
3.483333 	 0.062839 
3.500000 	 0.063339 
3.516667 	 0.063842 
3.533333 	 0.064346 
3.550000 	 0.064851 
3.566667 	 0.065358 
3.583333 	 0.065867 
3.600000 	 0.066377 
3.616667 	 0.066889 
3.633333 	 0.067402 
3.650000 	 0.067917 
3.666667 	 0.068433 
3.683333 	 0.068951 
3.700000 	 0.069471 
3.716667 	 0.069992 
3.733333 	 0.070515 
3.750000 	 0.071039 
3.766667 	 0.071565 
3.783333 	 0.072092 
3.800000 	 0.072621 
3.816667 	 0.073152 
3.833333 	 0.073684 
3.850000 	 0.074217 
3.866667 	 0.074752 
3.883333 	 0.075289 
3.900000 	 0.075827 
3.916667 	 0.076367 
3.933333 	 0.076908 
3.950000 	 0.077451 
3.966667 	 0.077995 
3.983333 	 0.078541 
4.000000 	 0.079088 
4.016667 	 0.079637 
4.033333 	 0.080187 
4.050000 	 0.080739 
4.066667 	 0.081293 
4.083333 	 0.081848 
4.100000 	 0.082404 
4.116667 	 0.082962 
4.133333 	 0.083521 
4.150000 	 0.084082 
4.166667 	 0.084645 
4.183333 	 0.085209 
4.200000 	 0.085774 
4.216667 	 0.086341 
4.233333 	 0.086909 
4.250000 	 0.087479 
4.266667 	 0.088051 
4.283333 	 0.088624 
4.300000 	 0.089198 
4.316667 	 0.089774 
4.333333 	 0.090351 
4.350000 	 0.090930 
4.366667 	 0.091510 
4.383333 	 0.092092 
4.400000 	 0.092675 
4.416667 	 0.093260 
4.433333 	 0.093846 
4.450000 	 0.094434 
4.466667 	 0.095023 
4.483333 	 0.095613 
4.500000 	 0.096205 
4.516667 	 0.096799 
4.533333 	 0.097394 
4.550000 	 0.097990 
4.566667 	 0.098588 
4.583333 	 0.099187 
4.600000 	 0.099788 
4.616667 	 0.100390 
4.633333 	 0.100994 
4.650000 	 0.101599 
4.666667 	 0.102206 
4.683333 	 0.102814 
4.700000 	 0.103423 
4.716667 	 0.104034 
4.733333 	 0.104646 
4.750000 	 0.105260 
4.766667 	 0.105875 
4.783333 	 0.106492 
4.800000 	 0.107110 
4.816667 	 0.107729 
4.833333 	 0.108350 
4.850000 	 0.108973 
4.866667 	 0.109597 
4.883333 	 0.110222 
4.900000 	 0.110848 
4.916667 	 0.111476 
4.933333 	 0.112106 
4.950000 	 0.112737 
4.966667 	 0.113369 
4.983333 	 0.114003 
5.000000 	 0.114638 
5.016667 	 0.115274 
5.033333 	 0.115912 
5.050000 	 0.116552 
5.066667 	 0.117192 
5.083333 	 0.117834 
5.100000 	 0.118478 
5.116667 	 0.119123 
5.133333 	 0.119769 
5.150000 	 0.120417 
5.166667 	 0.121066 
5.183333 	 0.121717 
5.200000 	 0.122369 
5.216667 	 0.123022 
5.233333 	 0.123677 
5.250000 	 0.124333 
5.266667 	 0.124990 
5.283333 	 0.125649 
5.300000 	 0.126309 
5.316667 	 0.126971 
5.333333 	 0.127634 
5.350000 	 0.128299 
5.366667 	 0.128964 
5.383333 	 0.129632 
5.400000 	 0.130300 
5.416667 	 0.130970 
5.433333 	 0.131641 
5.450000 	 0.132314 
5.466667 	 0.132988 
5.483333 	 0.133663 
5.500000 	 0.134340 
5.516667 	 0.135018 
5.533333 	 0.135698 
5.550000 	 0.136379 
5.566667 	 0.137061 
5.583333 	 0.137745 
5.600000 	 0.138430 
5.616667 	 0.139116 
5.633333 	 0.139804 
5.650000 	 0.140493 
5.666667 	 0.141183 
5.683333 	 0.141875 
5.700000 	 0.142568 
5.716667 	 0.143262 
5.733333 	 0.143958 
5.750000 	 0.144655 
5.766667 	 0.145354 
5.783333 	 0.146053 
5.800000 	 0.146755 
5.816667 	 0.147457 
5.833333 	 0.148161 
5.850000 	 0.148866 
5.866667 	 0.149573 
5.883333 	 0.150281 
5.900000 	 0.150990 
5.916667 	 0.151700 
5.933333 	 0.152412 
5.950000 	 0.153125 
5.966667 	 0.153840 
5.983333 	 0.154556 
6.000000 	 0.155273 
6.016667 	 0.155991 
6.033333 	 0.156711 
6.050000 	 0.157432 
6.066667 	 0.158155 
6.083333 	 0.158879 
6.100000 	 0.159604 
6.116667 	 0.160330 
6.133333 	 0.161058 
6.150000 	 0.161787 
6.166667 	 0.162518 
6.183333 	 0.163249 
6.200000 	 0.163982 
6.216667 	 0.164717 
6.233333 	 0.165452 
6.250000 	 0.166189 
6.266667 	 0.166928 
6.283333 	 0.167667 
6.300000 	 0.168408 
6.316667 	 0.169150 
6.333333 	 0.169894 
6.350000 	 0.170639 
6.366667 	 0.171385 
6.383333 	 0.172132 
6.400000 	 0.172881 
6.416667 	 0.173631 
6.433333 	 0.174382 
6.450000 	 0.175135 
6.466667 	 0.175889 
6.483333 	 0.176644 
6.500000 	 0.177401 
6.516667 	 0.178159 
6.533333 	 0.178918 
6.550000 	 0.179678 
6.566667 	 0.180440 
6.583333 	 0.181203 
6.600000 	 0.181967 
6.616667 	 0.182732 
6.633333 	 0.183499 
6.650000 	 0.184267 
6.666667 	 0.185037 
6.683333 	 0.185807 
6.700000 	 0.186579 
6.716667 	 0.187353 
6.733333 	 0.188127 
6.750000 	 0.188903 
6.766667 	 0.189680 
6.783333 	 0.190458 
6.800000 	 0.191238 
6.816667 	 0.192019 
6.833333 	 0.192801 
6.850000 	 0.193584 
6.866667 	 0.194369 
6.883333 	 0.195155 
6.900000 	 0.195942 
6.916667 	 0.196731 
6.933333 	 0.197520 
6.950000 	 0.198311 
6.966667 	 0.199104 
6.983333 	 0.199897 
7.000000 	 0.200692 
7.016667 	 0.201488 
7.033333 	 0.202286 
7.050000 	 0.203084 
7.066667 	 0.203884 
7.083333 	 0.204685 
7.100000 	 0.205487 
7.116667 	 0.206291 
7.133333 	 0.207096 
7.150000 	 0.207902 
7.166667 	 0.208709 
7.183333 	 0.209518 
7.200000 	 0.210328 
7.216667 	 0.211139 
7.233333 	 0.211952 
7.250000 	 0.212765 
7.266667 	 0.213580 
7.283333 	 0.214396 
7.300000 	 0.215214 
7.316667 	 0.216032 
7.333333 	 0.216852 
7.350000 	 0.217673 
7.366667 	 0.218495 
7.383333 	 0.219319 
7.400000 	 0.220144 
7.416667 	 0.220970 
7.433333 	 0.221797 
7.450000 	 0.222626 
7.466667 	 0.223455 
7.483333 	 0.224286 
7.500000 	 0.225119 
7.516667 	 0.225952 
7.533333 	 0.226787 
7.550000 	 0.227623 
7.566667 	 0.228460 
7.583333 	 0.229298 
7.600000 	 0.230138 
7.616667 	 0.230979 
7.633333 	 0.231821 
7.650000 	 0.232664 
7.666667 	 0.233509 
7.683333 	 0.234354 
7.700000 	 0.235201 
7.716667 	 0.236050 
7.733333 	 0.236899 
7.750000 	 0.237750 
7.766667 	 0.238601 
7.783333 	 0.239454 
7.800000 	 0.240309 
7.816667 	 0.241164 
7.833333 	 0.242021 
7.850000 	 0.242879 
7.866667 	 0.243738 
7.883333 	 0.244598 
7.900000 	 0.245460 
7.916667 	 0.246323 
7.933333 	 0.247187 
7.950000 	 0.248052 
7.966667 	 0.248918 
7.983333 	 0.249786 
8.000000 	 0.250655 
8.016667 	 0.251525 
8.033333 	 0.252396 
8.050000 	 0.253268 
8.066667 	 0.254142 
8.083333 	 0.255017 
8.100000 	 0.255893 
8.116667 	 0.256770 
8.133333 	 0.257649 
8.150000 	 0.258528 
8.166667 	 0.259409 
8.183333 	 0.260291 
8.200000 	 0.261174 
8.216667 	 0.262059 
8.233333 	 0.262945 
8.250000 	 0.263831 
8.266667 	 0.264719 
8.283333 	 0.265609 
8.300000 	 0.266499 
8.316667 	 0.267391 
8.333333 	 0.268283 
8.350000 	 0.269177 
8.366667 	 0.270073 
8.383333 	 0.270969 
8.400000 	 0.271866 
8.416667 	 0.272765 
8.433333 	 0.273665 
8.450000 	 0.274566 
8.466667 	 0.275468 
8.483333 	 0.276372 
8.500000 	 0.277277 
8.516667 	 0.278182 
8.533333 	 0.279089 
8.550000 	 0.279998 
8.566667 	 0.280907 
8.583333 	 0.281818 
8.600000 	 0.282729 
8.616667 	 0.283642 
8.633333 	 0.284556 
8.650000 	 0.285472 
8.666667 	 0.286388 
8.683333 	 0.287306 
8.700000 	 0.288224 
8.716667 	 0.289144 
8.733333 	 0.290066 
8.750000 	 0.290988 
8.766667 	 0.291911 
8.783333 	 0.292836 
8.800000 	 0.293762 
8.816667 	 0.294689 
8.833333 	 0.295617 
8.850000 	 0.296546 
8.866667 	 0.297477 
8.883333 	 0.298408 
8.900000 	 0.299341 
8.916667 	 0.300275 
8.933333 	 0.301210 
8.950000 	 0.302147 
8.966667 	 0.303084 
8.983333 	 0.304023 
9.000000 	 0.304963 
9.016667 	 0.305903 
9.033333 	 0.306846 
9.050000 	 0.307789 
9.066667 	 0.308733 
9.083333 	 0.309679 
9.100000 	 0.310626 
9.116667 	 0.311573 
9.133333 	 0.312523 
9.150000 	 0.313473 
9.166667 	 0.314424 
9.183333 	 0.315377 
9.200000 	 0.316330 
9.216667 	 0.317285 
9.233333 	 0.318241 
9.250000 	 0.319198 
9.266667 	 0.320156 
9.283333 	 0.321116 
9.300000 	 0.322076 
9.316667 	 0.323038 
9.333333 	 0.324001 
9.350000 	 0.324965 
9.366667 	 0.325930 
9.383333 	 0.326896 
9.400000 	 0.327864 
9.416667 	 0.328832 
9.433333 	 0.329802 
9.450000 	 0.330773 
9.466667 	 0.331745 
9.483333 	 0.332718 
9.500000 	 0.333692 
9.516667 	 0.334668 
9.533333 	 0.335644 
9.550000 	 0.336622 
9.566667 	 0.337601 
9.583333 	 0.338581 
9.600000 	 0.339562 
9.616667 	 0.340544 
9.633333 	 0.341528 
9.650000 	 0.342512 
9.666667 	 0.343498 
9.683333 	 0.344485 
9.700000 	 0.345473 
9.716667 	 0.346462 
9.733333 	 0.347452 
9.750000 	 0.348443 
9.766667 	 0.349435 
9.783333 	 0.350429 
9.800000 	 0.351424 
9.816667 	 0.352420 
9.833333 	 0.353416 
9.850000 	 0.354415 
9.866667 	 0.355414 
9.883333 	 0.356414 
9.900000 	 0.357415 
9.916667 	 0.358418 
9.933333 	 0.359422 
9.950000 	 0.360427 
9.966667 	 0.361433 
9.983333 	 0.362440 
10.000000 	 0.363448 
10.016667 	 0.364457 
10.033333 	 0.365467 
10.050000 	 0.366479 
10.066667 	 0.367492 
10.083333 	 0.368505 
10.100000 	 0.369520 
10.116667 	 0.370536 
10.133333 	 0.371553 
10.150000 	 0.372572 
10.166667 	 0.373591 
10.183333 	 0.374611 
10.200000 	 0.375633 
10.216667 	 0.376656 
10.233333 	 0.377680 
10.250000 	 0.378704 
10.266667 	 0.379730 
10.283333 	 0.380758 
10.300000 	 0.381786 
10.316667 	 0.382815 
10.333333 	 0.383846 
10.350000 	 0.384877 
10.366667 	 0.385910 
10.383333 	 0.386944 
10.400000 	 0.387979 
10.416667 	 0.389015 
10.433333 	 0.390052 
10.450000 	 0.391090 
10.466667 	 0.392129 
10.483333 	 0.393170 
10.500000 	 0.394211 
10.516667 	 0.395254 
10.533333 	 0.396297 
10.550000 	 0.397342 
10.566667 	 0.398388 
10.583333 	 0.399435 
10.600000 	 0.400483 
10.616667 	 0.401532 
10.633333 	 0.402583 
10.650000 	 0.403634 
10.666667 	 0.404687 
10.683333 	 0.405740 
10.700000 	 0.406795 
10.716667 	 0.407851 
10.733333 	 0.408908 
10.750000 	 0.409966 
10.766667 	 0.411025 
10.783333 	 0.412085 
10.800000 	 0.413146 
10.816667 	 0.414208 
10.833333 	 0.415272 
10.850000 	 0.416336 
10.866667 	 0.417402 
10.883333 	 0.418469 
10.900000 	 0.419536 
10.916667 	 0.420605 
10.933333 	 0.421675 
10.950000 	 0.422746 
10.966667 	 0.423818 
10.983333 	 0.424892 
11.000000 	 0.425966 
11.016667 	 0.427041 
11.033333 	 0.428118 
11.050000 	 0.429195 
11.066667 	 0.430274 
11.083333 	 0.431354 
11.100000 	 0.432435 
11.116667 	 0.433517 
11.133333 	 0.434600 
11.150000 	 0.435684 
11.166667 	 0.436769 
11.183333 	 0.437855 
11.200000 	 0.438942 
11.216667 	 0.440031 
11.233333 	 0.441120 
11.250000 	 0.442211 
11.266667 	 0.443302 
11.283333 	 0.444395 
11.300000 	 0.445489 
11.316667 	 0.446584 
11.333333 	 0.447679 
11.350000 	 0.448776 
11.366667 	 0.449874 
11.383333 	 0.450974 
11.400000 	 0.452074 
11.416667 	 0.453175 
11.433333 	 0.454277 
11.450000 	 0.455381 
11.466667 	 0.456485 
11.483333 	 0.457591 
11.500000 	 0.458698 
11.516667 	 0.459805 
11.533333 	 0.460914 
11.550000 	 0.462024 
11.566667 	 0.463135 
11.583333 	 0.464247 
11.600000 	 0.465360 
11.616667 	 0.466474 
11.633333 	 0.467589 
11.650000 	 0.468705 
11.666667 	 0.469823 
11.683333 	 0.470941 
11.700000 	 0.472060 
11.716667 	 0.473181 
11.733333 	 0.474302 
11.750000 	 0.475425 
11.766667 	 0.476549 
11.783333 	 0.477673 
11.800000 	 0.478799 
11.816667 	 0.479926 
11.833333 	 0.481054 
11.850000 	 0.482183 
11.866667 	 0.483313 
11.883333 	 0.484444 
11.900000 	 0.485576 
11.916667 	 0.486709 
11.933333 	 0.487844 
11.950000 	 0.488979 
11.966667 	 0.490115 
11.983333 	 0.491253 
12.000000 	 0.492391 
12.016667 	 0.493531 
12.033333 	 0.494671 
12.050000 	 0.495813 
12.066667 	 0.496956 
12.083333 	 0.498099 
12.100000 	 0.499244 
12.116667 	 0.500390 
12.133333 	 0.501537 
12.150000 	 0.502685 
12.166667 	 0.503834 
12.183333 	 0.504984 
12.200000 	 0.506135 
12.216667 	 0.507287 
12.233333 	 0.508440 
12.250000 	 0.509595 
12.266667 	 0.510750 
12.283333 	 0.511906 
12.300000 	 0.513063 
12.316667 	 0.514222 
12.333333 	 0.515381 
12.350000 	 0.516542 
12.366667 	 0.517703 
12.383333 	 0.518866 
12.400000 	 0.520030 
12.416667 	 0.521194 
12.433333 	 0.522360 
12.450000 	 0.523527 
12.466667 	 0.524695 
12.483333 	 0.525863 
12.500000 	 0.527033 
12.516667 	 0.528204 
12.533333 	 0.529376 
12.550000 	 0.530549 
12.566667 	 0.531723 
12.583333 	 0.532898 
12.600000 	 0.534074 
12.616667 	 0.535252 
12.633333 	 0.536430 
12.650000 	 0.537609 
12.666667 	 0.538789 
12.683333 	 0.539971 
12.700000 	 0.541153 
12.716667 	 0.542336 
12.733333 	 0.543521 
12.750000 	 0.544706 
12.766667 	 0.545893 
12.783333 	 0.547080 
12.800000 	 0.548269 
12.816667 	 0.549458 
12.833333 	 0.550649 
12.850000 	 0.551840 
12.866667 	 0.553033 
12.883333 	 0.554227 
12.900000 	 0.555421 
12.916667 	 0.556617 
12.933333 	 0.557814 
12.950000 	 0.559012 
12.966667 	 0.560211 
12.983333 	 0.561410 
13.000000 	 0.562611 
13.016667 	 0.563813 
13.033333 	 0.565016 
13.050000 	 0.566220 
13.066667 	 0.567425 
13.083333 	 0.568631 
13.100000 	 0.569838 
13.116667 	 0.571046 
13.133333 	 0.572255 
13.150000 	 0.573465 
13.166667 	 0.574676 
13.183333 	 0.575889 
13.200000 	 0.577102 
13.216667 	 0.578316 
13.233333 	 0.579531 
13.250000 	 0.580747 
13.266667 	 0.581965 
13.283333 	 0.583183 
13.300000 	 0.584402 
13.316667 	 0.585622 
13.333333 	 0.586844 
13.350000 	 0.588066 
13.366667 	 0.589289 
13.383333 	 0.590514 
13.400000 	 0.591739 
13.416667 	 0.592966 
13.433333 	 0.594193 
13.450000 	 0.595421 
13.466667 	 0.596651 
13.483333 	 0.597881 
13.500000 	 0.599113 
13.516667 	 0.600345 
13.533333 	 0.601579 
13.550000 	 0.602813 
13.566667 	 0.604049 
13.583333 	 0.605285 
13.600000 	 0.606523 
13.616667 	 0.607762 
13.633333 	 0.609001 
13.650000 	 0.610242 
13.666667 	 0.611483 
13.683333 	 0.612726 
13.700000 	 0.613969 
13.716667 	 0.615214 
13.733333 	 0.616460 
13.750000 	 0.617706 
13.766667 	 0.618954 
13.783333 	 0.620203 
13.800000 	 0.621452 
13.816667 	 0.622703 
13.833333 	 0.623955 
13.850000 	 0.625207 
13.866667 	 0.626461 
13.883333 	 0.627716 
13.900000 	 0.628971 
13.916667 	 0.630228 
13.933333 	 0.631486 
13.950000 	 0.632744 
13.966667 	 0.634004 
13.983333 	 0.635265 
14.000000 	 0.636526 
14.016667 	 0.637789 
14.033333 	 0.639053 
14.050000 	 0.640318 
14.066667 	 0.641583 
14.083333 	 0.642850 
14.100000 	 0.644118 
14.116667 	 0.645386 
14.133333 	 0.646656 
14.150000 	 0.647927 
14.166667 	 0.649198 
14.183333 	 0.650471 
14.200000 	 0.651745 
14.216667 	 0.653020 
14.233333 	 0.654295 
14.250000 	 0.655572 
14.266667 	 0.656850 
14.283333 	 0.658128 
14.300000 	 0.659408 
14.316667 	 0.660688 
14.333333 	 0.661970 
14.350000 	 0.663253 
14.366667 	 0.664536 
14.383333 	 0.665821 
14.400000 	 0.667107 
14.416667 	 0.668393 
14.433333 	 0.669681 
14.450000 	 0.670969 
14.466667 	 0.672259 
14.483333 	 0.673550 
14.500000 	 0.674841 
14.516667 	 0.676134 
14.533333 	 0.677427 
14.550000 	 0.678722 
14.566667 	 0.680017 
14.583333 	 0.681314 
14.600000 	 0.682611 
14.616667 	 0.683910 
14.633333 	 0.685209 
14.650000 	 0.686510 
14.666667 	 0.687811 
14.683333 	 0.689114 
14.700000 	 0.690417 
14.716667 	 0.691721 
14.733333 	 0.693027 
14.750000 	 0.694333 
14.766667 	 0.695640 
14.783333 	 0.696949 
14.800000 	 0.698258 
14.816667 	 0.699568 
14.833333 	 0.700880 
14.850000 	 0.702192 
14.866667 	 0.703505 
14.883333 	 0.704819 
14.900000 	 0.706135 
14.916667 	 0.707451 
14.933333 	 0.708768 
14.950000 	 0.710086 
14.966667 	 0.711405 
14.983333 	 0.712725 
15.000000 	 0.714046 
15.016667 	 0.715369 
15.033333 	 0.716692 
15.050000 	 0.718016 
15.066667 	 0.719341 
15.083333 	 0.720667 
15.100000 	 0.721994 
15.116667 	 0.723321 
15.133333 	 0.724650 
15.150000 	 0.725980 
15.166667 	 0.727311 
15.183333 	 0.728643 
15.200000 	 0.729976 
15.216667 	 0.731309 
15.233333 	 0.732644 
15.250000 	 0.733980 
15.266667 	 0.735317 
15.283333 	 0.736654 
15.300000 	 0.737993 
15.316667 	 0.739333 
15.333333 	 0.740673 
15.350000 	 0.742015 
15.366667 	 0.743357 
15.383333 	 0.744701 
15.400000 	 0.746045 
15.416667 	 0.747391 
15.433333 	 0.748737 
15.450000 	 0.750084 
15.466667 	 0.751433 
15.483333 	 0.752782 
15.500000 	 0.754132 
15.516667 	 0.755484 
15.533333 	 0.756836 
15.550000 	 0.758189 
15.566667 	 0.759543 
15.583333 	 0.760898 
15.600000 	 0.762254 
15.616667 	 0.763611 
15.633333 	 0.764969 
15.650000 	 0.766328 
15.666667 	 0.767688 
15.683333 	 0.769049 
15.700000 	 0.770411 
15.716667 	 0.771774 
15.733333 	 0.773138 
15.750000 	 0.774503 
15.766667 	 0.775868 
15.783333 	 0.777235 
15.800000 	 0.778603 
15.816667 	 0.779971 
15.833333 	 0.781341 
15.850000 	 0.782711 
15.866667 	 0.784083 
15.883333 	 0.785455 
15.900000 	 0.786829 
15.916667 	 0.788203 
15.933333 	 0.789578 
15.950000 	 0.790955 
15.966667 	 0.792332 
15.983333 	 0.793710 
16.000000 	 0.795089 
16.016667 	 0.796469 
16.033333 	 0.797850 
16.050000 	 0.799233 
16.066667 	 0.800616 
16.083333 	 0.801999 
16.100000 	 0.803384 
16.116667 	 0.804770 
16.133333 	 0.806157 
16.150000 	 0.807545 
16.166667 	 0.808934 
16.183333 	 0.810323 
16.200000 	 0.811714 
16.216667 	 0.813105 
16.233333 	 0.814498 
16.250000 	 0.815891 
16.266667 	 0.817286 
16.283333 	 0.818681 
16.300000 	 0.820078 
16.316667 	 0.821475 
16.333333 	 0.822873 
16.350000 	 0.824272 
16.366667 	 0.825673 
16.383333 	 0.827074 
16.400000 	 0.828476 
16.416667 	 0.829879 
16.433333 	 0.831283 
16.450000 	 0.832688 
16.466667 	 0.834093 
16.483333 	 0.835500 
16.500000 	 0.836908 
16.516667 	 0.838317 
16.533333 	 0.839726 
16.550000 	 0.841137 
16.566667 	 0.842549 
16.583333 	 0.843961 
16.600000 	 0.845374 
16.616667 	 0.846789 
16.633333 	 0.848204 
16.650000 	 0.849620 
16.666667 	 0.851038 
16.683333 	 0.852456 
16.700000 	 0.853875 
16.716667 	 0.855295 
16.733333 	 0.856716 
16.750000 	 0.858138 
16.766667 	 0.859561 
16.783333 	 0.860985 
16.800000 	 0.862409 
16.816667 	 0.863835 
16.833333 	 0.865262 
16.850000 	 0.866689 
16.866667 	 0.868118 
16.883333 	 0.869547 
16.900000 	 0.870978 
16.916667 	 0.872409 
16.933333 	 0.873841 
16.950000 	 0.875275 
16.966667 	 0.876709 
16.983333 	 0.878144 
17.000000 	 0.879580 
17.016667 	 0.881017 
17.033333 	 0.882455 
17.050000 	 0.883894 
17.066667 	 0.885333 
17.083333 	 0.886774 
17.100000 	 0.888216 
17.116667 	 0.889658 
17.133333 	 0.891102 
17.150000 	 0.892547 
17.166667 	 0.893992 
17.183333 	 0.895438 
17.200000 	 0.896886 
17.216667 	 0.898334 
17.233333 	 0.899783 
17.250000 	 0.901233 
17.266667 	 0.902684 
17.283333 	 0.904136 
17.300000 	 0.905589 
17.316667 	 0.907043 
17.333333 	 0.908498 
17.350000 	 0.909953 
17.366667 	 0.911410 
17.383333 	 0.912867 
17.400000 	 0.914326 
17.416667 	 0.915785 
17.433333 	 0.917246 
17.450000 	 0.918707 
17.466667 	 0.920169 
17.483333 	 0.921632 
17.500000 	 0.923096 
17.516667 	 0.924561 
17.533333 	 0.926027 
17.550000 	 0.927494 
17.566667 	 0.928962 
17.583333 	 0.930431 
17.600000 	 0.931900 
17.616667 	 0.933371 
17.633333 	 0.934842 
17.650000 	 0.936315 
17.666667 	 0.937788 
17.683333 	 0.939262 
17.700000 	 0.940738 
17.716667 	 0.942214 
17.733333 	 0.943691 
17.750000 	 0.945169 
17.766667 	 0.946648 
17.783333 	 0.948128 
17.800000 	 0.949608 
17.816667 	 0.951090 
17.833333 	 0.952573 
17.850000 	 0.954056 
17.866667 	 0.955541 
17.883333 	 0.957026 
17.900000 	 0.958512 
17.916667 	 0.959999 
17.933333 	 0.961488 
17.950000 	 0.962977 
17.966667 	 0.964467 
17.983333 	 0.965958 
18.000000 	 0.967449 
18.016667 	 0.968942 
18.033333 	 0.970436 
18.050000 	 0.971930 
18.066667 	 0.973426 
18.083333 	 0.974922 
18.100000 	 0.976420 
18.116667 	 0.977918 
18.133333 	 0.979417 
18.150000 	 0.980917 
18.166667 	 0.982418 
18.183333 	 0.983920 
18.200000 	 0.985423 
18.216667 	 0.986927 
18.233333 	 0.988431 
18.250000 	 0.989937 
18.266667 	 0.991444 
18.283333 	 0.992951 
18.300000 	 0.994459 
18.316667 	 0.995969 
18.333333 	 0.997479 
18.350000 	 0.998990 
18.366667 	 1.000502 
18.383333 	 1.002015 
18.400000 	 1.003529 
18.416667 	 1.005043 
18.433333 	 1.006559 
18.450000 	 1.008076 
18.466667 	 1.009593 
18.483333 	 1.011112 
18.500000 	 1.012631 
18.516667 	 1.014151 
18.533333 	 1.015672 
18.550000 	 1.017194 
18.566667 	 1.018717 
18.583333 	 1.020241 
18.600000 	 1.021766 
18.616667 	 1.023292 
18.633333 	 1.024818 
18.650000 	 1.026346 
18.666667 	 1.027874 
18.683333 	 1.029404 
18.700000 	 1.030934 
18.716667 	 1.032465 
18.733333 	 1.033997 
18.750000 	 1.035530 
18.766667 	 1.037064 
18.783333 	 1.038599 
18.800000 	 1.040135 
18.816667 	 1.041671 
18.833333 	 1.043209 
18.850000 	 1.044747 
18.866667 	 1.046287 
18.883333 	 1.047827 
18.900000 	 1.049368 
18.916667 	 1.050910 
18.933333 	 1.052453 
18.950000 	 1.053997 
18.966667 	 1.055542 
18.983333 	 1.057087 
19.000000 	 1.058634 
19.016667 	 1.060181 
19.033333 	 1.061730 
19.050000 	 1.063279 
19.066667 	 1.064829 
19.083333 	 1.066380 
19.100000 	 1.067932 
19.116667 	 1.069485 
19.133333 	 1.071039 
19.150000 	 1.072594 
19.166667 	 1.074149 
19.183333 	 1.075706 
19.200000 	 1.077263 
19.216667 	 1.078822 
19.233333 	 1.080381 
19.250000 	 1.081941 
19.266667 	 1.083502 
19.283333 	 1.085064 
19.300000 	 1.086627 
19.316667 	 1.088190 
19.333333 	 1.089755 
19.350000 	 1.091320 
19.366667 	 1.092887 
19.383333 	 1.094454 
19.400000 	 1.096022 
19.416667 	 1.097592 
19.433333 	 1.099162 
19.450000 	 1.100732 
19.466667 	 1.102304 
19.483333 	 1.103877 
19.500000 	 1.105451 
19.516667 	 1.107025 
19.533333 	 1.108600 
19.550000 	 1.110177 
19.566667 	 1.111754 
19.583333 	 1.113332 
19.600000 	 1.114911 
19.616667 	 1.116491 
19.633333 	 1.118072 
19.650000 	 1.119653 
19.666667 	 1.121236 
19.683333 	 1.122819 
19.700000 	 1.124404 
19.716667 	 1.125989 
19.733333 	 1.127575 
19.750000 	 1.129162 
19.766667 	 1.130750 
19.783333 	 1.132339 
19.800000 	 1.133928 
19.816667 	 1.135519 
19.833333 	 1.137110 
19.850000 	 1.138703 
19.866667 	 1.140296 
19.883333 	 1.141890 
19.900000 	 1.143485 
19.916667 	 1.145081 
19.933333 	 1.146678 
19.950000 	 1.148276 
19.966667 	 1.149874 
19.983333 	 1.151474 
20.000000 	 1.153074 
20.016667 	 1.154675 
20.033333 	 1.156278 
20.050000 	 1.157881 
20.066667 	 1.159485 
20.083333 	 1.161089 
20.100000 	 1.162695 
20.116667 	 1.164302 
20.133333 	 1.165909 
20.150000 	 1.167517 
20.166667 	 1.169127 
20.183333 	 1.170737 
20.200000 	 1.172348 
20.216667 	 1.173960 
20.233333 	 1.175573 
20.250000 	 1.177186 
20.266667 	 1.178801 
20.283333 	 1.180416 
20.300000 	 1.182033 
20.316667 	 1.183650 
20.333333 	 1.185268 
20.350000 	 1.186887 
20.366667 	 1.188507 
20.383333 	 1.190128 
20.400000 	 1.191749 
20.416667 	 1.193372 
20.433333 	 1.194995 
20.450000 	 1.196620 
20.466667 	 1.198245 
20.483333 	 1.199871 
20.500000 	 1.201498 
20.516667 	 1.203126 
20.533333 	 1.204754 
20.550000 	 1.206384 
20.566667 	 1.208014 
20.583333 	 1.209646 
20.600000 	 1.211278 
20.616667 	 1.212911 
20.633333 	 1.214545 
20.650000 	 1.216180 
20.666667 	 1.217816 
20.683333 	 1.219452 
20.700000 	 1.221090 
20.716667 	 1.222728 
20.733333 	 1.224367 
20.750000 	 1.226008 
20.766667 	 1.227649 
20.783333 	 1.229291 
20.800000 	 1.230933 
20.816667 	 1.232577 
20.833333 	 1.234221 
20.850000 	 1.235867 
20.866667 	 1.237513 
20.883333 	 1.239160 
20.900000 	 1.240808 
20.916667 	 1.242457 
20.933333 	 1.244107 
20.950000 	 1.245758 
20.966667 	 1.247409 
20.983333 	 1.249062 
21.000000 	 1.250715 
21.016667 	 1.252369 
21.033333 	 1.254024 
21.050000 	 1.255680 
21.066667 	 1.257337 
21.083333 	 1.258995 
21.100000 	 1.260653 
21.116667 	 1.262313 
21.133333 	 1.263973 
21.150000 	 1.265634 
21.166667 	 1.267296 
21.183333 	 1.268959 
21.200000 	 1.270623 
21.216667 	 1.272287 
21.233333 	 1.273953 
21.250000 	 1.275619 
21.266667 	 1.277286 
21.283333 	 1.278955 
21.300000 	 1.280624 
21.316667 	 1.282293 
21.333333 	 1.283964 
21.350000 	 1.285636 
21.366667 	 1.287308 
21.383333 	 1.288982 
21.400000 	 1.290656 
21.416667 	 1.292331 
21.433333 	 1.294007 
21.450000 	 1.295684 
21.466667 	 1.297361 
21.483333 	 1.299040 
21.500000 	 1.300719 
21.516667 	 1.302400 
21.533333 	 1.304081 
21.550000 	 1.305763 
21.566667 	 1.307446 
21.583333 	 1.309130 
21.600000 	 1.310814 
21.616667 	 1.312500 
21.633333 	 1.314186 
21.650000 	 1.315873 
21.666667 	 1.317561 
21.683333 	 1.319250 
21.700000 	 1.320940 
21.716667 	 1.322631 
21.733333 	 1.324322 
21.750000 	 1.326015 
21.766667 	 1.327708 
21.783333 	 1.329402 
21.800000 	 1.331097 
21.816667 	 1.332793 
21.833333 	 1.334490 
21.850000 	 1.336188 
21.866667 	 1.337886 
21.883333 	 1.339585 
21.900000 	 1.341286 
21.916667 	 1.342987 
21.933333 	 1.344689 
21.950000 	 1.346391 
21.966667 	 1.348095 
21.983333 	 1.349800 
22.000000 	 1.351505 
22.016667 	 1.353211 
22.033333 	 1.354918 
22.050000 	 1.356626 
22.066667 	 1.358335 
22.083333 	 1.360045 
22.100000 	 1.361755 
22.116667 	 1.363467 
22.133333 	 1.365179 
22.150000 	 1.366892 
22.166667 	 1.368606 
22.183333 	 1.370321 
22.200000 	 1.372036 
22.216667 	 1.373753 
22.233333 	 1.375470 
22.250000 	 1.377189 
22.266667 	 1.378908 
22.283333 	 1.380628 
22.300000 	 1.382349 
22.316667 	 1.384070 
22.333333 	 1.385793 
22.350000 	 1.387516 
22.366667 	 1.389240 
22.383333 	 1.390966 
22.400000 	 1.392692 
22.416667 	 1.394418 
22.433333 	 1.396146 
22.450000 	 1.397875 
22.466667 	 1.399604 
22.483333 	 1.401334 
22.500000 	 1.403065 
22.516667 	 1.404797 
22.533333 	 1.406530 
22.550000 	 1.408264 
22.566667 	 1.409998 
22.583333 	 1.411734 
22.600000 	 1.413470 
22.616667 	 1.415207 
22.633333 	 1.416945 
22.650000 	 1.418684 
22.666667 	 1.420424 
22.683333 	 1.422164 
22.700000 	 1.423905 
22.716667 	 1.425648 
22.733333 	 1.427391 
22.750000 	 1.429135 
22.766667 	 1.430879 
22.783333 	 1.432625 
22.800000 	 1.434371 
22.816667 	 1.436119 
22.833333 	 1.437867 
22.850000 	 1.439616 
22.866667 	 1.441366 
22.883333 	 1.443116 
22.900000 	 1.444868 
22.916667 	 1.446620 
22.933333 	 1.448374 
22.950000 	 1.450128 
22.966667 	 1.451883 
22.983333 	 1.453639 
23.000000 	 1.455395 
23.016667 	 1.457153 
23.033333 	 1.458911 
23.050000 	 1.460670 
23.066667 	 1.462430 
23.083333 	 1.464191 
23.100000 	 1.465953 
23.116667 	 1.467716 
23.133333 	 1.469479 
23.150000 	 1.471243 
23.166667 	 1.473009 
23.183333 	 1.474775 
23.200000 	 1.476541 
23.216667 	 1.478309 
23.233333 	 1.480078 
23.250000 	 1.481847 
23.266667 	 1.483617 
23.283333 	 1.485388 
23.300000 	 1.487160 
23.316667 	 1.488933 
23.333333 	 1.490706 
23.350000 	 1.492481 
23.366667 	 1.494256 
23.383333 	 1.496032 
23.400000 	 1.497809 
23.416667 	 1.499587 
23.433333 	 1.501366 
23.450000 	 1.503145 
23.466667 	 1.504926 
23.483333 	 1.506707 
23.500000 	 1.508489 
23.516667 	 1.510272 
23.533333 	 1.512055 
23.550000 	 1.513840 
23.566667 	 1.515625 
23.583333 	 1.517412 
23.600000 	 1.519199 
23.616667 	 1.520987 
23.633333 	 1.522775 
23.650000 	 1.524565 
23.666667 	 1.526355 
23.683333 	 1.528147 
23.700000 	 1.529939 
23.716667 	 1.531732 
23.733333 	 1.533526 
23.750000 	 1.535320 
23.766667 	 1.537116 
23.783333 	 1.538912 
23.800000 	 1.540709 
23.816667 	 1.542507 
23.833333 	 1.544306 
23.850000 	 1.546106 
23.866667 	 1.547906 
23.883333 	 1.549708 
23.900000 	 1.551510 
23.916667 	 1.553313 
23.933333 	 1.555116 
23.950000 	 1.556921 
23.966667 	 1.558727 
23.983333 	 1.560533 
24.000000 	 1.562341 
24.016667 	 1.564149 
24.033333 	 1.565959 
24.050000 	 1.567769 
24.066667 	 1.569579 
24.083333 	 1.571389 
24.100000 	 1.573200 
24.116667 	 1.575012 
24.133333 	 1.576824 
24.150000 	 1.578636 
24.166667 	 1.580448 
24.183333 	 1.582261 
24.200000 	 1.584074 
24.216667 	 1.585887 
24.233333 	 1.587700 
24.250000 	 1.589512 
24.266667 	 1.591325 
24.283333 	 1.593137 
24.300000 	 1.594949 
24.316667 	 1.596760 
24.333333 	 1.598569 
24.350000 	 1.600377 
24.366667 	 1.602184 
24.383333 	 1.603987 
24.400000 	 1.605788 
24.416667 	 1.607586 
24.433333 	 1.609379 
24.450000 	 1.611168 
24.466667 	 1.612952 
24.483333 	 1.614729 
24.500000 	 1.616499 
24.516667 	 1.618260 
24.533333 	 1.620013 
24.550000 	 1.621754 
24.566667 	 1.623484 
24.583333 	 1.625201 
24.600000 	 1.626903 
24.616667 	 1.628588 
24.633333 	 1.630254 
24.650000 	 1.631901 
24.666667 	 1.633526 
24.683333 	 1.635126 
24.700000 	 1.636700 
24.716667 	 1.638246 
24.733333 	 1.639762 
24.750000 	 1.641244 
24.766667 	 1.642692 
24.783333 	 1.644101 
24.800000 	 1.645471 
24.816667 	 1.646799 
24.833333 	 1.648083 
24.850000 	 1.649321 
24.866667 	 1.650510 
24.883333 	 1.651650 
24.900000 	 1.652738 
24.916667 	 1.653772 
24.933333 	 1.654752 
24.950000 	 1.655677 
24.966667 	 1.656546 
24.983333 	 1.657358 
25.000000 	 1.658113 
25.016667 	 1.658811 
25.033333 	 1.659452 
25.050000 	 1.660037 
25.066667 	 1.660568 
25.083333 	 1.661044 
25.100000 	 1.661467 
25.116667 	 1.661839 
25.133333 	 1.662162 
25.150000 	 1.662438 
25.166667 	 1.662668 
25.183333 	 1.662856 
25.200000 	 1.663003 
25.216667 	 1.663112 
25.233333 	 1.663184 
25.250000 	 1.663224 
25.266667 	 1.663232 
25.283333 	 1.663211 
25.300000 	 1.663163 
25.316667 	 1.663091 
25.333333 	 1.662997 
25.350000 	 1.662885 
25.366667 	 1.662756 
25.383333 	 1.662618 
25.400000 	 1.662476 
25.416667 	 1.662336 
25.433333 	 1.662199 
25.450000 	 1.662067 
25.466667 	 1.661941 
25.483333 	 1.661821 
25.500000 	 1.661708 
25.516667 	 1.661600 
25.533333 	 1.661498 
25.550000 	 1.661401 
25.566667 	 1.661309 
25.583333 	 1.661221 
25.600000 	 1.661139 
25.616667 	 1.661060 
25.633333 	 1.660985 
25.650000 	 1.660914 
25.666667 	 1.660847 
25.683333 	 1.660783 
25.700000 	 1.660722 
25.716667 	 1.660664 
25.733333 	 1.660610 
25.750000 	 1.660558 
25.766667 	 1.660508 
25.783333 	 1.660462 
25.800000 	 1.660417 
25.816667 	 1.660375 
25.833333 	 1.660335 
25.850000 	 1.660297 
25.866667 	 1.660262 
25.883333 	 1.660228 
25.900000 	 1.660196 
25.916667 	 1.660166 
25.933333 	 1.660137 
25.950000 	 1.660111 
25.966667 	 1.660085 
25.983333 	 1.660062 
26.000000 	 1.660039 
26.016667 	 1.660018 
26.033333 	 1.659998 
26.050000 	 1.659980 
26.066667 	 1.659962 
26.083333 	 1.659946 
26.100000 	 1.659931 
26.116667 	 1.659917 
26.133333 	 1.659904 
26.150000 	 1.659892 
26.166667 	 1.659881 
26.183333 	 1.659871 
26.200000 	 1.659862 
26.216667 	 1.659854 
26.233333 	 1.659847 
26.250000 	 1.659841 
26.266667 	 1.659836 
26.283333 	 1.659831 
26.300000 	 1.659828 
26.316667 	 1.659825 
26.333333 	 1.659824 
26.350000 	 1.659823 
26.366667 	 1.659823 
26.383333 	 1.659823 
26.400000 	 1.659825 
26.416667 	 1.659827 
26.433333 	 1.659830 
26.450000 	 1.659834 
26.466667 	 1.659839 
26.483333 	 1.659844 
26.500000 	 1.659850 
26.516667 	 1.659856 
26.533333 	 1.659863 
26.550000 	 1.659871 
26.566667 	 1.659879 
26.583333 	 1.659887 
26.600000 	 1.659897 
26.616667 	 1.659906 
26.633333 	 1.659916 
26.650000 	 1.659926 
26.666667 	 1.659936 
26.683333 	 1.659946 
26.700000 	 1.659955 
26.716667 	 1.659965 
26.733333 	 1.659974 
26.750000 	 1.659983 
26.766667 	 1.659991 
26.783333 	 1.659999 
26.800000 	 1.660006 
26.816667 	 1.660012 
26.833333 	 1.660018 
26.850000 	 1.660024 
26.866667 	 1.660029 
26.883333 	 1.660033 
26.900000 	 1.660036 
26.916667 	 1.660040 
26.933333 	 1.660042 
26.950000 	 1.660044 
26.966667 	 1.660046 
26.983333 	 1.660046 
27.000000 	 1.660047 
27.016667 	 1.660047 
27.033333 	 1.660046 
27.050000 	 1.660045 
27.066667 	 1.660044 
27.083333 	 1.660043 
27.100000 	 1.660041 
27.116667 	 1.660040 
27.133333 	 1.660038 
27.150000 	 1.660036 
27.166667 	 1.660033 
27.183333 	 1.660031 
27.200000 	 1.660029 
27.216667 	 1.660027 
27.233333 	 1.660025 
27.250000 	 1.660023 
27.266667 	 1.660021 
27.283333 	 1.660019 
27.300000 	 1.660017 
27.316667 	 1.660015 
27.333333 	 1.660014 
27.350000 	 1.660013 
27.366667 	 1.660011 
27.383333 	 1.660010 
27.400000 	 1.660010 
27.416667 	 1.660009 
27.433333 	 1.660008 
27.450000 	 1.660008 
27.466667 	 1.660008 
27.483333 	 1.660008 
27.500000 	 1.660008 
27.516667 	 1.660008 
27.533333 	 1.660008 
27.550000 	 1.660008 
27.566667 	 1.660009 
27.583333 	 1.660009 
27.600000 	 1.660010 
27.616667 	 1.660010 
27.633333 	 1.660011 
27.650000 	 1.660011 
27.666667 	 1.660011 
27.683333 	 1.660012 
27.700000 	 1.660012 
27.716667 	 1.660012 
27.733333 	 1.660012 
27.750000 	 1.660012 
27.766667 	 1.660012 
27.783333 	 1.660012 
27.800000 	 1.660012 
27.816667 	 1.660012 
27.833333 	 1.660011 
27.850000 	 1.660011 
27.866667 	 1.660010 
27.883333 	 1.660010 
27.900000 	 1.660009 
27.916667 	 1.660009 
27.933333 	 1.660008 
27.950000 	 1.660007 
27.966667 	 1.660007 
27.983333 	 1.660006 
28.000000 	 1.660006 
28.016667 	 1.660005 
28.033333 	 1.660005 
28.050000 	 1.660005 
28.066667 	 1.660004 
28.083333 	 1.660004 
28.100000 	 1.660004 
28.116667 	 1.660004 
28.133333 	 1.660003 
28.150000 	 1.660003 
28.166667 	 1.660003 
28.183333 	 1.660004 
28.200000 	 1.660004 
28.216667 	 1.660004 
28.233333 	 1.660004 
28.250000 	 1.660004 
28.266667 	 1.660005 
28.283333 	 1.660005 
28.300000 	 1.660005 
28.316667 	 1.660006 
28.333333 	 1.660006 
28.350000 	 1.660006 
28.366667 	 1.660007 
28.383333 	 1.660007 
28.400000 	 1.660007 
28.416667 	 1.660008 
28.433333 	 1.660008 
28.450000 	 1.660008 
28.466667 	 1.660008 
28.483333 	 1.660009 
28.500000 	 1.660009 
28.516667 	 1.660009 
28.533333 	 1.660009 
28.550000 	 1.660009 
28.566667 	 1.660009 
28.583333 	 1.660009 
28.600000 	 1.660009 
28.616667 	 1.660009 
28.633333 	 1.660009 
28.650000 	 1.660008 
28.666667 	 1.660008 
28.683333 	 1.660008 
28.700000 	 1.660008 
28.716667 	 1.660008 
28.733333 	 1.660008 
28.750000 	 1.660008 
28.766667 	 1.660007 
28.783333 	 1.660007 
28.800000 	 1.660007 
28.816667 	 1.660007 
28.833333 	 1.660007 
28.850000 	 1.660007 
28.866667 	 1.660007 
28.883333 	 1.660007 
28.900000 	 1.660007 
28.916667 	 1.660007 
28.933333 	 1.660007 
28.950000 	 1.660007 
28.966667 	 1.660007 
28.983333 	 1.660007 
29.000000 	 1.660007 
29.016667 	 1.660008 
29.033333 	 1.660008 
29.050000 	 1.660008 
29.066667 	 1.660008 
29.083333 	 1.660008 
29.100000 	 1.660008 
29.116667 	 1.660008 
29.133333 	 1.660008 
29.150000 	 1.660008 
29.166667 	 1.660008 
29.183333 	 1.660008 
29.200000 	 1.660008 
29.216667 	 1.660008 
29.233333 	 1.660008 
29.250000 	 1.660008 
29.266667 	 1.660008 
29.283333 	 1.660008 
29.300000 	 1.660008 
29.316667 	 1.660008 
29.333333 	 1.660008 
29.350000 	 1.660008 
29.366667 	 1.660008 
29.383333 	 1.660008 
29.400000 	 1.660008 
29.416667 	 1.660008 
29.433333 	 1.660008 
29.450000 	 1.660008 
29.466667 	 1.660007 
29.483333 	 1.660007 
29.500000 	 1.660007 
29.516667 	 1.660007 
29.533333 	 1.660007 
29.550000 	 1.660007 
29.566667 	 1.660007 
29.583333 	 1.660007 
29.600000 	 1.660007 
29.616667 	 1.660007 
29.633333 	 1.660007 
29.650000 	 1.660007 
29.666667 	 1.660008 
29.683333 	 1.660008 
29.700000 	 1.660008 
29.716667 	 1.660008 
29.733333 	 1.660008 
29.750000 	 1.660008 
29.766667 	 1.660008 
29.783333 	 1.660008 
29.800000 	 1.660008 
29.816667 	 1.660008 
29.833333 	 1.660008 
29.850000 	 1.660008 
29.866667 	 1.660008 
29.883333 	 1.660008 
29.900000 	 1.660008 
29.916667 	 1.660008 
29.933333 	 1.660008 
29.950000 	 1.660008 
29.966667 	 1.660008 
29.983333 	 1.660008 
30.000000 	 1.659082 
30.016667 	 1.657232 
30.033333 	 1.655383 
30.050000 	 1.653536 
30.066667 	 1.651690 
30.083333 	 1.649846 
30.100000 	 1.648004 
30.116667 	 1.646164 
30.133333 	 1.644325 
30.150000 	 1.642488 
30.166667 	 1.640652 
30.183333 	 1.638818 
30.200000 	 1.636986 
30.216667 	 1.635156 
30.233333 	 1.633327 
30.250000 	 1.631500 
30.266667 	 1.629674 
30.283333 	 1.627850 
30.300000 	 1.626028 
30.316667 	 1.624207 
30.333333 	 1.622388 
30.350000 	 1.620570 
30.366667 	 1.618755 
30.383333 	 1.616941 
30.400000 	 1.615128 
30.416667 	 1.613317 
30.433333 	 1.611508 
30.450000 	 1.609700 
30.466667 	 1.607895 
30.483333 	 1.606090 
30.500000 	 1.604288 
30.516667 	 1.602487 
30.533333 	 1.600687 
30.550000 	 1.598889 
30.566667 	 1.597093 
30.583333 	 1.595299 
30.600000 	 1.593506 
30.616667 	 1.591714 
30.633333 	 1.589925 
30.650000 	 1.588137 
30.666667 	 1.586350 
30.683333 	 1.584566 
30.700000 	 1.582783 
30.716667 	 1.581001 
30.733333 	 1.579221 
30.750000 	 1.577443 
30.766667 	 1.575667 
30.783333 	 1.573892 
30.800000 	 1.572118 
30.816667 	 1.570347 
30.833333 	 1.568576 
30.850000 	 1.566808 
30.866667 	 1.565041 
30.883333 	 1.563276 
30.900000 	 1.561512 
30.916667 	 1.559750 
30.933333 	 1.557990 
30.950000 	 1.556231 
30.966667 	 1.554474 
30.983333 	 1.552719 
31.000000 	 1.550965 
31.016667 	 1.549213 
31.033333 	 1.547462 
31.050000 	 1.545713 
31.066667 	 1.543966 
31.083333 	 1.542220 
31.100000 	 1.540476 
31.116667 	 1.538733 
31.133333 	 1.536992 
31.150000 	 1.535253 
31.166667 	 1.533515 
31.183333 	 1.531779 
31.200000 	 1.530045 
31.216667 	 1.528312 
31.233333 	 1.526580 
31.250000 	 1.524851 
31.266667 	 1.523123 
31.283333 	 1.521396 
31.300000 	 1.519671 
31.316667 	 1.517948 
31.333333 	 1.516226 
31.350000 	 1.514506 
31.366667 	 1.512788 
31.383333 	 1.511071 
31.400000 	 1.509356 
31.416667 	 1.507642 
31.433333 	 1.505930 
31.450000 	 1.504220 
31.466667 	 1.502511 
31.483333 	 1.500804 
31.500000 	 1.499098 
31.516667 	 1.497394 
31.533333 	 1.495692 
31.550000 	 1.493991 
31.566667 	 1.492292 
31.583333 	 1.490594 
31.600000 	 1.488898 
31.616667 	 1.487204 
31.633333 	 1.485511 
31.650000 	 1.483820 
31.666667 	 1.482130 
31.683333 	 1.480442 
31.700000 	 1.478756 
31.716667 	 1.477071 
31.733333 	 1.475387 
31.750000 	 1.473706 
31.766667 	 1.472026 
31.783333 	 1.470347 
31.800000 	 1.468670 
31.816667 	 1.466995 
31.833333 	 1.465321 
31.850000 	 1.463649 
31.866667 	 1.461978 
31.883333 	 1.460309 
31.900000 	 1.458642 
31.916667 	 1.456976 
31.933333 	 1.455312 
31.950000 	 1.453649 
31.966667 	 1.451988 
31.983333 	 1.450329 
32.000000 	 1.448671 
32.016667 	 1.447014 
32.033333 	 1.445360 
32.050000 	 1.443706 
32.066667 	 1.442055 
32.083333 	 1.440405 
32.100000 	 1.438756 
32.116667 	 1.437109 
32.133333 	 1.435464 
32.150000 	 1.433820 
32.166667 	 1.432178 
32.183333 	 1.430538 
32.200000 	 1.428899 
32.216667 	 1.427261 
32.233333 	 1.425625 
32.250000 	 1.423991 
32.266667 	 1.422358 
32.283333 	 1.420727 
32.300000 	 1.419097 
32.316667 	 1.417469 
32.333333 	 1.415843 
32.350000 	 1.414218 
32.366667 	 1.412595 
32.383333 	 1.410973 
32.400000 	 1.409353 
32.416667 	 1.407734 
32.433333 	 1.406117 
32.450000 	 1.404501 
32.466667 	 1.402888 
32.483333 	 1.401275 
32.500000 	 1.399664 
32.516667 	 1.398055 
32.533333 	 1.396447 
32.550000 	 1.394841 
32.566667 	 1.393236 
32.583333 	 1.391633 
32.600000 	 1.390032 
32.616667 	 1.388432 
32.633333 	 1.386834 
32.650000 	 1.385237 
32.666667 	 1.383641 
32.683333 	 1.382048 
32.700000 	 1.380455 
32.716667 	 1.378865 
32.733333 	 1.377276 
32.750000 	 1.375688 
32.766667 	 1.374102 
32.783333 	 1.372518 
32.800000 	 1.370935 
32.816667 	 1.369353 
32.833333 	 1.367774 
32.850000 	 1.366195 
32.866667 	 1.364619 
32.883333 	 1.363044 
32.900000 	 1.361470 
32.916667 	 1.359898 
32.933333 	 1.358327 
32.950000 	 1.356758 
32.966667 	 1.355191 
32.983333 	 1.353625 
33.000000 	 1.352060 
33.016667 	 1.350498 
33.033333 	 1.348936 
33.050000 	 1.347377 
33.066667 	 1.345818 
33.083333 	 1.344262 
33.100000 	 1.342706 
33.116667 	 1.341153 
33.133333 	 1.339601 
33.150000 	 1.338050 
33.166667 	 1.336501 
33.183333 	 1.334953 
33.200000 	 1.333407 
33.216667 	 1.331863 
33.233333 	 1.330320 
33.250000 	 1.328779 
33.266667 	 1.327239 
33.283333 	 1.325700 
33.300000 	 1.324164 
33.316667 	 1.322628 
33.333333 	 1.321094 
33.350000 	 1.319562 
33.366667 	 1.318031 
33.383333 	 1.316502 
33.400000 	 1.314974 
33.416667 	 1.313448 
33.433333 	 1.311924 
33.450000 	 1.310400 
33.466667 	 1.308879 
33.483333 	 1.307359 
33.500000 	 1.305840 
33.516667 	 1.304323 
33.533333 	 1.302808 
33.550000 	 1.301293 
33.566667 	 1.299781 
33.583333 	 1.298270 
33.600000 	 1.296760 
33.616667 	 1.295252 
33.633333 	 1.293746 
33.650000 	 1.292241 
33.666667 	 1.290737 
33.683333 	 1.289235 
33.700000 	 1.287735 
33.716667 	 1.286236 
33.733333 	 1.284739 
33.750000 	 1.283243 
33.766667 	 1.281748 
33.783333 	 1.280255 
33.800000 	 1.278764 
33.816667 	 1.277274 
33.833333 	 1.275785 
33.850000 	 1.274298 
33.866667 	 1.272813 
33.883333 	 1.271329 
33.900000 	 1.269847 
33.916667 	 1.268366 
33.933333 	 1.266886 
33.950000 	 1.265408 
33.966667 	 1.263932 
33.983333 	 1.262457 
34.000000 	 1.260983 
34.016667 	 1.259511 
34.033333 	 1.258041 
34.050000 	 1.256572 
34.066667 	 1.255104 
34.083333 	 1.253638 
34.100000 	 1.252174 
34.116667 	 1.250711 
34.133333 	 1.249249 
34.150000 	 1.247789 
34.166667 	 1.246330 
34.183333 	 1.244873 
34.200000 	 1.243418 
34.216667 	 1.241964 
34.233333 	 1.240511 
34.250000 	 1.239060 
34.266667 	 1.237610 
34.283333 	 1.236162 
34.300000 	 1.234715 
34.316667 	 1.233270 
34.333333 	 1.231826 
34.350000 	 1.230384 
34.366667 	 1.228943 
34.383333 	 1.227503 
34.400000 	 1.226066 
34.416667 	 1.224629 
34.433333 	 1.223194 
34.450000 	 1.221761 
34.466667 	 1.220329 
34.483333 	 1.218898 
34.500000 	 1.217469 
34.516667 	 1.216042 
34.533333 	 1.214615 
34.550000 	 1.213191 
34.566667 	 1.211768 
34.583333 	 1.210346 
34.600000 	 1.208926 
34.616667 	 1.207507 
34.633333 	 1.206089 
34.650000 	 1.204674 
34.666667 	 1.203259 
34.683333 	 1.201846 
34.700000 	 1.200435 
34.716667 	 1.199025 
34.733333 	 1.197616 
34.750000 	 1.196209 
34.766667 	 1.194803 
34.783333 	 1.193399 
34.800000 	 1.191996 
34.816667 	 1.190595 
34.833333 	 1.189195 
34.850000 	 1.187797 
34.866667 	 1.186400 
34.883333 	 1.185004 
34.900000 	 1.183610 
34.916667 	 1.182218 
34.933333 	 1.180827 
34.950000 	 1.179437 
34.966667 	 1.178049 
34.983333 	 1.176662 
35.000000 	 1.175276 
35.016667 	 1.173892 
35.033333 	 1.172510 
35.050000 	 1.171129 
35.066667 	 1.169749 
35.083333 	 1.168371 
35.100000 	 1.166994 
35.116667 	 1.165619 
35.133333 	 1.164245 
35.150000 	 1.162873 
35.166667 	 1.161502 
35.183333 	 1.160132 
35.200000 	 1.158764 
35.216667 	 1.157398 
35.233333 	 1.156032 
35.250000 	 1.154669 
35.266667 	 1.153306 
35.283333 	 1.151945 
35.300000 	 1.150586 
35.316667 	 1.149228 
35.333333 	 1.147871 
35.350000 	 1.146516 
35.366667 	 1.145162 
35.383333 	 1.143810 
35.400000 	 1.142459 
35.416667 	 1.141109 
35.433333 	 1.139761 
35.450000 	 1.138414 
35.466667 	 1.137069 
35.483333 	 1.135725 
35.500000 	 1.134383 
35.516667 	 1.133042 
35.533333 	 1.131702 
35.550000 	 1.130364 
35.566667 	 1.129027 
35.583333 	 1.127692 
35.600000 	 1.126358 
35.616667 	 1.125025 
35.633333 	 1.123694 
35.650000 	 1.122365 
35.666667 	 1.121036 
35.683333 	 1.119710 
35.700000 	 1.118384 
35.716667 	 1.117060 
35.733333 	 1.115737 
35.750000 	 1.114416 
35.766667 	 1.113096 
35.783333 	 1.111778 
35.800000 	 1.110461 
35.816667 	 1.109145 
35.833333 	 1.107831 
35.850000 	 1.106518 
35.866667 	 1.105207 
35.883333 	 1.103897 
35.900000 	 1.102588 
35.916667 	 1.101281 
35.933333 	 1.099975 
35.950000 	 1.098671 
35.966667 	 1.097368 
35.983333 	 1.096066 
36.000000 	 1.094766 
36.016667 	 1.093467 
36.033333 	 1.092169 
36.050000 	 1.090873 
36.066667 	 1.089579 
36.083333 	 1.088285 
36.100000 	 1.086994 
36.116667 	 1.085703 
36.133333 	 1.084414 
36.150000 	 1.083126 
36.166667 	 1.081840 
36.183333 	 1.080555 
36.200000 	 1.079271 
36.216667 	 1.077989 
36.233333 	 1.076708 
36.250000 	 1.075429 
36.266667 	 1.074151 
36.283333 	 1.072874 
36.300000 	 1.071599 
36.316667 	 1.070325 
36.333333 	 1.069052 
36.350000 	 1.067781 
36.366667 	 1.066511 
36.383333 	 1.065243 
36.400000 	 1.063976 
36.416667 	 1.062710 
36.433333 	 1.061446 
36.450000 	 1.060183 
36.466667 	 1.058921 
36.483333 	 1.057661 
36.500000 	 1.056402 
36.516667 	 1.055145 
36.533333 	 1.053888 
36.550000 	 1.052634 
36.566667 	 1.051380 
36.583333 	 1.050128 
36.600000 	 1.048878 
36.616667 	 1.047628 
36.633333 	 1.046380 
36.650000 	 1.045134 
36.666667 	 1.043888 
36.683333 	 1.042645 
36.700000 	 1.041402 
36.716667 	 1.040161 
36.733333 	 1.038921 
36.750000 	 1.037683 
36.766667 	 1.036446 
36.783333 	 1.035210 
36.800000 	 1.033975 
36.816667 	 1.032742 
36.833333 	 1.031511 
36.850000 	 1.030280 
36.866667 	 1.029051 
36.883333 	 1.027824 
36.900000 	 1.026597 
36.916667 	 1.025372 
36.933333 	 1.024149 
36.950000 	 1.022926 
36.966667 	 1.021706 
36.983333 	 1.020486 
37.000000 	 1.019268 
37.016667 	 1.018051 
37.033333 	 1.016835 
37.050000 	 1.015621 
37.066667 	 1.014408 
37.083333 	 1.013196 
37.100000 	 1.011986 
37.116667 	 1.010777 
37.133333 	 1.009570 
37.150000 	 1.008363 
37.166667 	 1.007159 
37.183333 	 1.005955 
37.200000 	 1.004753 
37.216667 	 1.003552 
37.233333 	 1.002352 
37.250000 	 1.001154 
37.266667 	 0.999957 
37.283333 	 0.998761 
37.300000 	 0.997567 
37.316667 	 0.996374 
37.333333 	 0.995182 
37.350000 	 0.993992 
37.366667 	 0.992803 
37.383333 	 0.991615 
37.400000 	 0.990429 
37.416667 	 0.989244 
37.433333 	 0.988060 
37.450000 	 0.986878 
37.466667 	 0.985697 
37.483333 	 0.984517 
37.500000 	 0.983338 
37.516667 	 0.982161 
37.533333 	 0.980985 
37.550000 	 0.979811 
37.566667 	 0.978637 
37.583333 	 0.977465 
37.600000 	 0.976295 
37.616667 	 0.975126 
37.633333 	 0.973957 
37.650000 	 0.972791 
37.666667 	 0.971625 
37.683333 	 0.970461 
37.700000 	 0.969298 
37.716667 	 0.968137 
37.733333 	 0.966977 
37.750000 	 0.965818 
37.766667 	 0.964660 
37.783333 	 0.963504 
37.800000 	 0.962349 
37.816667 	 0.961195 
37.833333 	 0.960043 
37.850000 	 0.958891 
37.866667 	 0.957742 
37.883333 	 0.956593 
37.900000 	 0.955446 
37.916667 	 0.954300 
37.933333 	 0.953155 
37.950000 	 0.952012 
37.966667 	 0.950870 
37.983333 	 0.949729 
38.000000 	 0.948589 
38.016667 	 0.947451 
38.033333 	 0.946314 
38.050000 	 0.945178 
38.066667 	 0.944044 
38.083333 	 0.942911 
38.100000 	 0.941779 
38.116667 	 0.940648 
38.133333 	 0.939519 
38.150000 	 0.938391 
38.166667 	 0.937264 
38.183333 	 0.936138 
38.200000 	 0.935014 
38.216667 	 0.933891 
38.233333 	 0.932770 
38.250000 	 0.931649 
38.266667 	 0.930530 
38.283333 	 0.929412 
38.300000 	 0.928296 
38.316667 	 0.927180 
38.333333 	 0.926066 
38.350000 	 0.924953 
38.366667 	 0.923842 
38.383333 	 0.922732 
38.400000 	 0.921623 
38.416667 	 0.920515 
38.433333 	 0.919408 
38.450000 	 0.918303 
38.466667 	 0.917199 
38.483333 	 0.916096 
38.500000 	 0.914995 
38.516667 	 0.913895 
38.533333 	 0.912796 
38.550000 	 0.911698 
38.566667 	 0.910602 
38.583333 	 0.909506 
38.600000 	 0.908412 
38.616667 	 0.907320 
38.633333 	 0.906228 
38.650000 	 0.905138 
38.666667 	 0.904049 
38.683333 	 0.902961 
38.700000 	 0.901875 
38.716667 	 0.900790 
38.733333 	 0.899706 
38.750000 	 0.898623 
38.766667 	 0.897541 
38.783333 	 0.896461 
38.800000 	 0.895382 
38.816667 	 0.894304 
38.833333 	 0.893228 
38.850000 	 0.892152 
38.866667 	 0.891078 
38.883333 	 0.890005 
38.900000 	 0.888934 
38.916667 	 0.887863 
38.933333 	 0.886794 
38.950000 	 0.885726 
38.966667 	 0.884660 
38.983333 	 0.883594 
39.000000 	 0.882530 
39.016667 	 0.881467 
39.033333 	 0.880405 
39.050000 	 0.879345 
39.066667 	 0.878285 
39.083333 	 0.877227 
39.100000 	 0.876170 
39.116667 	 0.875114 
39.133333 	 0.874060 
39.150000 	 0.873007 
39.166667 	 0.871955 
39.183333 	 0.870904 
39.200000 	 0.869854 
39.216667 	 0.868806 
39.233333 	 0.867759 
39.250000 	 0.866713 
39.266667 	 0.865668 
39.283333 	 0.864624 
39.300000 	 0.863582 
39.316667 	 0.862541 
39.333333 	 0.861501 
39.350000 	 0.860462 
39.366667 	 0.859425 
39.383333 	 0.858389 
39.400000 	 0.857354 
39.416667 	 0.856320 
39.433333 	 0.855287 
39.450000 	 0.854255 
39.466667 	 0.853225 
39.483333 	 0.852196 
39.500000 	 0.851168 
39.516667 	 0.850142 
39.533333 	 0.849116 
39.550000 	 0.848092 
39.566667 	 0.847069 
39.583333 	 0.846047 
39.600000 	 0.845026 
39.616667 	 0.844006 
39.633333 	 0.842988 
39.650000 	 0.841971 
39.666667 	 0.840955 
39.683333 	 0.839940 
39.700000 	 0.838927 
39.716667 	 0.837914 
39.733333 	 0.836903 
39.750000 	 0.835893 
39.766667 	 0.834884 
39.783333 	 0.833876 
39.800000 	 0.832870 
39.816667 	 0.831865 
39.833333 	 0.830860 
39.850000 	 0.829858 
39.866667 	 0.828856 
39.883333 	 0.827855 
39.900000 	 0.826856 
39.916667 	 0.825857 
39.933333 	 0.824860 
39.950000 	 0.823864 
39.966667 	 0.822870 
39.983333 	 0.821876 
40.000000 	 0.820884 
40.016667 	 0.819892 
40.033333 	 0.818902 
40.050000 	 0.817913 
40.066667 	 0.816926 
40.083333 	 0.815939 
40.100000 	 0.814954 
40.116667 	 0.813969 
40.133333 	 0.812986 
40.150000 	 0.812004 
40.166667 	 0.811024 
40.183333 	 0.810044 
40.200000 	 0.809065 
40.216667 	 0.808088 
40.233333 	 0.807112 
40.250000 	 0.806137 
40.266667 	 0.805163 
40.283333 	 0.804190 
40.300000 	 0.803219 
40.316667 	 0.802249 
40.333333 	 0.801279 
40.350000 	 0.800311 
40.366667 	 0.799344 
40.383333 	 0.798378 
40.400000 	 0.797414 
40.416667 	 0.796450 
40.433333 	 0.795488 
40.450000 	 0.794527 
40.466667 	 0.793566 
40.483333 	 0.792608 
40.500000 	 0.791650 
40.516667 	 0.790693 
40.533333 	 0.789737 
40.550000 	 0.788783 
40.566667 	 0.787830 
40.583333 	 0.786878 
40.600000 	 0.785927 
40.616667 	 0.784977 
40.633333 	 0.784028 
40.650000 	 0.783080 
40.666667 	 0.782134 
40.683333 	 0.781189 
40.700000 	 0.780244 
40.716667 	 0.779301 
40.733333 	 0.778359 
40.750000 	 0.777418 
40.766667 	 0.776479 
40.783333 	 0.775540 
40.800000 	 0.774603 
40.816667 	 0.773666 
40.833333 	 0.772731 
40.850000 	 0.771797 
40.866667 	 0.770864 
40.883333 	 0.769932 
40.900000 	 0.769001 
40.916667 	 0.768071 
40.933333 	 0.767143 
40.950000 	 0.766215 
40.966667 	 0.765289 
40.983333 	 0.764364 
41.000000 	 0.763440 
41.016667 	 0.762517 
41.033333 	 0.761595 
41.050000 	 0.760674 
41.066667 	 0.759754 
41.083333 	 0.758836 
41.100000 	 0.757918 
41.116667 	 0.757002 
41.133333 	 0.756087 
41.150000 	 0.755172 
41.166667 	 0.754259 
41.183333 	 0.753347 
41.200000 	 0.752436 
41.216667 	 0.751527 
41.233333 	 0.750618 
41.250000 	 0.749710 
41.266667 	 0.748804 
41.283333 	 0.747898 
41.300000 	 0.746994 
41.316667 	 0.746091 
41.333333 	 0.745189 
41.350000 	 0.744288 
41.366667 	 0.743388 
41.383333 	 0.742489 
41.400000 	 0.741591 
41.416667 	 0.740694 
41.433333 	 0.739799 
41.450000 	 0.738904 
41.466667 	 0.738011 
41.483333 	 0.737118 
41.500000 	 0.736227 
41.516667 	 0.735337 
41.533333 	 0.734448 
41.550000 	 0.733560 
41.566667 	 0.732673 
41.583333 	 0.731787 
41.600000 	 0.730902 
41.616667 	 0.730018 
41.633333 	 0.729135 
41.650000 	 0.728254 
41.666667 	 0.727373 
41.683333 	 0.726494 
41.700000 	 0.725615 
41.716667 	 0.724738 
41.733333 	 0.723862 
41.750000 	 0.722986 
41.766667 	 0.722112 
41.783333 	 0.721239 
41.800000 	 0.720367 
41.816667 	 0.719496 
41.833333 	 0.718626 
41.850000 	 0.717757 
41.866667 	 0.716889 
41.883333 	 0.716023 
41.900000 	 0.715157 
41.916667 	 0.714292 
41.933333 	 0.713429 
41.950000 	 0.712566 
41.966667 	 0.711705 
41.983333 	 0.710844 
42.000000 	 0.709985 
42.016667 	 0.709126 
42.033333 	 0.708269 
42.050000 	 0.707413 
42.066667 	 0.706558 
42.083333 	 0.705704 
42.100000 	 0.704850 
42.116667 	 0.703998 
42.133333 	 0.703147 
42.150000 	 0.702297 
42.166667 	 0.701448 
42.183333 	 0.700601 
42.200000 	 0.699754 
42.216667 	 0.698908 
42.233333 	 0.698063 
42.250000 	 0.697219 
42.266667 	 0.696377 
42.283333 	 0.695535 
42.300000 	 0.694694 
42.316667 	 0.693854 
42.333333 	 0.693016 
42.350000 	 0.692178 
42.366667 	 0.691342 
42.383333 	 0.690506 
42.400000 	 0.689672 
42.416667 	 0.688838 
42.433333 	 0.688006 
42.450000 	 0.687174 
42.466667 	 0.686344 
42.483333 	 0.685515 
42.500000 	 0.684686 
42.516667 	 0.683859 
42.533333 	 0.683033 
42.550000 	 0.682207 
42.566667 	 0.681383 
42.583333 	 0.680560 
42.600000 	 0.679737 
42.616667 	 0.678916 
42.633333 	 0.678096 
42.650000 	 0.677277 
42.666667 	 0.676458 
42.683333 	 0.675641 
42.700000 	 0.674825 
42.716667 	 0.674010 
42.733333 	 0.673196 
42.750000 	 0.672382 
42.766667 	 0.671570 
42.783333 	 0.670759 
42.800000 	 0.669949 
42.816667 	 0.669140 
42.833333 	 0.668332 
42.850000 	 0.667524 
42.866667 	 0.666718 
42.883333 	 0.665913 
42.900000 	 0.665109 
42.916667 	 0.664306 
42.933333 	 0.663503 
42.950000 	 0.662702 
42.966667 	 0.661902 
42.983333 	 0.661103 
43.000000 	 0.660305 
43.016667 	 0.659507 
43.033333 	 0.658711 
43.050000 	 0.657916 
43.066667 	 0.657121 
43.083333 	 0.656328 
43.100000 	 0.655536 
43.116667 	 0.654745 
43.133333 	 0.653954 
43.150000 	 0.653165 
43.166667 	 0.652376 
43.183333 	 0.651589 
43.200000 	 0.650803 
43.216667 	 0.650017 
43.233333 	 0.649233 
43.250000 	 0.648449 
43.266667 	 0.647667 
43.283333 	 0.646885 
43.300000 	 0.646105 
43.316667 	 0.645325 
43.333333 	 0.644546 
43.350000 	 0.643769 
43.366667 	 0.642992 
43.383333 	 0.642216 
43.400000 	 0.641441 
43.416667 	 0.640668 
43.433333 	 0.639895 
43.450000 	 0.639123 
43.466667 	 0.638352 
43.483333 	 0.637582 
43.500000 	 0.636813 
43.516667 	 0.636045 
43.533333 	 0.635278 
43.550000 	 0.634512 
43.566667 	 0.633747 
43.583333 	 0.632983 
43.600000 	 0.632219 
43.616667 	 0.631457 
43.633333 	 0.630696 
43.650000 	 0.629935 
43.666667 	 0.629176 
43.683333 	 0.628417 
43.700000 	 0.627660 
43.716667 	 0.626903 
43.733333 	 0.626148 
43.750000 	 0.625393 
43.766667 	 0.624639 
43.783333 	 0.623886 
43.800000 	 0.623134 
43.816667 	 0.622384 
43.833333 	 0.621634 
43.850000 	 0.620885 
43.866667 	 0.620136 
43.883333 	 0.619389 
43.900000 	 0.618643 
43.916667 	 0.617898 
43.933333 	 0.617153 
43.950000 	 0.616410 
43.966667 	 0.615667 
43.983333 	 0.614926 
44.000000 	 0.614185 
44.016667 	 0.613446 
44.033333 	 0.612707 
44.050000 	 0.611969 
44.066667 	 0.611232 
44.083333 	 0.610496 
44.100000 	 0.609761 
44.116667 	 0.609027 
44.133333 	 0.608294 
44.150000 	 0.607562 
44.166667 	 0.606830 
44.183333 	 0.606100 
44.200000 	 0.605370 
44.216667 	 0.604642 
44.233333 	 0.603914 
44.250000 	 0.603187 
44.266667 	 0.602461 
44.283333 	 0.601736 
44.300000 	 0.601012 
44.316667 	 0.600289 
44.333333 	 0.599567 
44.350000 	 0.598846 
44.366667 	 0.598125 
44.383333 	 0.597406 
44.400000 	 0.596687 
44.416667 	 0.595970 
44.433333 	 0.595253 
44.450000 	 0.594537 
44.466667 	 0.593822 
44.483333 	 0.593108 
44.500000 	 0.592395 
44.516667 	 0.591683 
44.533333 	 0.590971 
44.550000 	 0.590261 
44.566667 	 0.589551 
44.583333 	 0.588843 
44.600000 	 0.588135 
44.616667 	 0.587428 
44.633333 	 0.586722 
44.650000 	 0.586017 
44.666667 	 0.585313 
44.683333 	 0.584610 
44.700000 	 0.583907 
44.716667 	 0.583206 
44.733333 	 0.582505 
44.750000 	 0.581806 
44.766667 	 0.581107 
44.783333 	 0.580409 
44.800000 	 0.579712 
44.816667 	 0.579016 
44.833333 	 0.578320 
44.850000 	 0.577626 
44.866667 	 0.576933 
44.883333 	 0.576240 
44.900000 	 0.575548 
44.916667 	 0.574857 
44.933333 	 0.574167 
44.950000 	 0.573478 
44.966667 	 0.572790 
44.983333 	 0.572102 
45.000000 	 0.571416 
45.016667 	 0.570730 
45.033333 	 0.570046 
45.050000 	 0.569362 
45.066667 	 0.568679 
45.083333 	 0.567997 
45.100000 	 0.567315 
45.116667 	 0.566635 
45.133333 	 0.565955 
45.150000 	 0.565277 
45.166667 	 0.564599 
45.183333 	 0.563922 
45.200000 	 0.563246 
45.216667 	 0.562570 
45.233333 	 0.561896 
45.250000 	 0.561223 
45.266667 	 0.560550 
45.283333 	 0.559878 
45.300000 	 0.559207 
45.316667 	 0.558537 
45.333333 	 0.557868 
45.350000 	 0.557199 
45.366667 	 0.556532 
45.383333 	 0.555865 
45.400000 	 0.555199 
45.416667 	 0.554534 
45.433333 	 0.553870 
45.450000 	 0.553207 
45.466667 	 0.552545 
45.483333 	 0.551883 
45.500000 	 0.551222 
45.516667 	 0.550562 
45.533333 	 0.549903 
45.550000 	 0.549245 
45.566667 	 0.548588 
45.583333 	 0.547931 
45.600000 	 0.547276 
45.616667 	 0.546621 
45.633333 	 0.545967 
45.650000 	 0.545314 
45.666667 	 0.544661 
45.683333 	 0.544010 
45.700000 	 0.543359 
45.716667 	 0.542709 
45.733333 	 0.542060 
45.750000 	 0.541412 
45.766667 	 0.540765 
45.783333 	 0.540118 
45.800000 	 0.539473 
45.816667 	 0.538828 
45.833333 	 0.538184 
45.850000 	 0.537541 
45.866667 	 0.536898 
45.883333 	 0.536257 
45.900000 	 0.535616 
45.916667 	 0.534976 
45.933333 	 0.534337 
45.950000 	 0.533699 
45.966667 	 0.533061 
45.983333 	 0.532425 
46.000000 	 0.531789 
46.016667 	 0.531154 
46.033333 	 0.530520 
46.050000 	 0.529886 
46.066667 	 0.529254 
46.083333 	 0.528622 
46.100000 	 0.527991 
46.116667 	 0.527361 
46.133333 	 0.526732 
46.150000 	 0.526103 
46.166667 	 0.525475 
46.183333 	 0.524849 
46.200000 	 0.524222 
46.216667 	 0.523597 
46.233333 	 0.522973 
46.250000 	 0.522349 
46.266667 	 0.521726 
46.283333 	 0.521104 
46.300000 	 0.520483 
46.316667 	 0.519862 
46.333333 	 0.519243 
46.350000 	 0.518624 
46.366667 	 0.518006 
46.383333 	 0.517389 
46.400000 	 0.516772 
46.416667 	 0.516156 
46.433333 	 0.515542 
46.450000 	 0.514927 
46.466667 	 0.514314 
46.483333 	 0.513702 
46.500000 	 0.513090 
46.516667 	 0.512479 
46.533333 	 0.511869 
46.550000 	 0.511260 
46.566667 	 0.510651 
46.583333 	 0.510043 
46.600000 	 0.509436 
46.616667 	 0.508830 
46.633333 	 0.508225 
46.650000 	 0.507620 
46.666667 	 0.507016 
46.683333 	 0.506413 
46.700000 	 0.505811 
46.716667 	 0.505209 
46.733333 	 0.504608 
46.750000 	 0.504008 
46.766667 	 0.503409 
46.783333 	 0.502811 
46.800000 	 0.502213 
46.816667 	 0.501616 
46.833333 	 0.501020 
46.850000 	 0.500425 
46.866667 	 0.499830 
46.883333 	 0.499237 
46.900000 	 0.498644 
46.916667 	 0.498051 
46.933333 	 0.497460 
46.950000 	 0.496869 
46.966667 	 0.496279 
46.983333 	 0.495690 
47.000000 	 0.495101 
47.016667 	 0.494514 
47.033333 	 0.493927 
47.050000 	 0.493341 
47.066667 	 0.492755 
47.083333 	 0.492171 
47.100000 	 0.491587 
47.116667 	 0.491004 
47.133333 	 0.490421 
47.150000 	 0.489840 
47.166667 	 0.489259 
47.183333 	 0.488679 
47.200000 	 0.488099 
47.216667 	 0.487521 
47.233333 	 0.486943 
47.250000 	 0.486366 
47.266667 	 0.485789 
47.283333 	 0.485214 
47.300000 	 0.484639 
47.316667 	 0.484065 
47.333333 	 0.483491 
47.350000 	 0.482919 
47.366667 	 0.482347 
47.383333 	 0.481776 
47.400000 	 0.481205 
47.416667 	 0.480636 
47.433333 	 0.480067 
47.450000 	 0.479499 
47.466667 	 0.478931 
47.483333 	 0.478365 
47.500000 	 0.477799 
47.516667 	 0.477233 
47.533333 	 0.476669 
47.550000 	 0.476105 
47.566667 	 0.475542 
47.583333 	 0.474980 
47.600000 	 0.474418 
47.616667 	 0.473857 
47.633333 	 0.473297 
47.650000 	 0.472738 
47.666667 	 0.472179 
47.683333 	 0.471621 
47.700000 	 0.471064 
47.716667 	 0.470508 
47.733333 	 0.469952 
47.750000 	 0.469397 
47.766667 	 0.468843 
47.783333 	 0.468289 
47.800000 	 0.467736 
47.816667 	 0.467184 
47.833333 	 0.466633 
47.850000 	 0.466082 
47.866667 	 0.465532 
47.883333 	 0.464983 
47.900000 	 0.464434 
47.916667 	 0.463886 
47.933333 	 0.463339 
47.950000 	 0.462793 
47.966667 	 0.462247 
47.983333 	 0.461702 
48.000000 	 0.461158 
48.016667 	 0.460614 
48.033333 	 0.460071 
48.050000 	 0.459529 
48.066667 	 0.458988 
48.083333 	 0.458447 
48.100000 	 0.457907 
48.116667 	 0.457368 
48.133333 	 0.456829 
48.150000 	 0.456291 
48.166667 	 0.455754 
48.183333 	 0.455217 
48.200000 	 0.454681 
48.216667 	 0.454146 
48.233333 	 0.453612 
48.250000 	 0.453078 
48.266667 	 0.452545 
48.283333 	 0.452013 
48.300000 	 0.451481 
48.316667 	 0.450950 
48.333333 	 0.450420 
48.350000 	 0.449890 
48.366667 	 0.449362 
48.383333 	 0.448833 
48.400000 	 0.448306 
48.416667 	 0.447779 
48.433333 	 0.447253 
48.450000 	 0.446728 
48.466667 	 0.446203 
48.483333 	 0.445679 
48.500000 	 0.445155 
48.516667 	 0.444633 
48.533333 	 0.444111 
48.550000 	 0.443589 
48.566667 	 0.443069 
48.583333 	 0.442549 
48.600000 	 0.442030 
48.616667 	 0.441511 
48.633333 	 0.440993 
48.650000 	 0.440476 
48.666667 	 0.439959 
48.683333 	 0.439443 
48.700000 	 0.438928 
48.716667 	 0.438414 
48.733333 	 0.437900 
48.750000 	 0.437387 
48.766667 	 0.436874 
48.783333 	 0.436362 
48.800000 	 0.435851 
48.816667 	 0.435340 
48.833333 	 0.434831 
48.850000 	 0.434321 
48.866667 	 0.433813 
48.883333 	 0.433305 
48.900000 	 0.432798 
48.916667 	 0.432291 
48.933333 	 0.431786 
48.950000 	 0.431280 
48.966667 	 0.430776 
48.983333 	 0.430272 
49.000000 	 0.429769 
49.016667 	 0.429266 
49.033333 	 0.428764 
49.050000 	 0.428263 
49.066667 	 0.427763 
49.083333 	 0.427263 
49.100000 	 0.426763 
49.116667 	 0.426265 
49.133333 	 0.425767 
49.150000 	 0.425269 
49.166667 	 0.424773 
49.183333 	 0.424277 
49.200000 	 0.423781 
49.216667 	 0.423287 
49.233333 	 0.422793 
49.250000 	 0.422299 
49.266667 	 0.421807 
49.283333 	 0.421314 
49.300000 	 0.420823 
49.316667 	 0.420332 
49.333333 	 0.419842 
49.350000 	 0.419352 
49.366667 	 0.418864 
49.383333 	 0.418375 
49.400000 	 0.417888 
49.416667 	 0.417401 
49.433333 	 0.416914 
49.450000 	 0.416429 
49.466667 	 0.415944 
49.483333 	 0.415459 
49.500000 	 0.414975 
49.516667 	 0.414492 
49.533333 	 0.414010 
49.550000 	 0.413528 
49.566667 	 0.413047 
49.583333 	 0.412566 
49.600000 	 0.412086 
49.616667 	 0.411607 
49.633333 	 0.411128 
49.650000 	 0.410650 
49.666667 	 0.410172 
49.683333 	 0.409696 
49.700000 	 0.409219 
49.716667 	 0.408744 
49.733333 	 0.408269 
49.750000 	 0.407794 
49.766667 	 0.407321 
49.783333 	 0.406848 
49.800000 	 0.406375 
49.816667 	 0.405903 
49.833333 	 0.405432 
49.850000 	 0.404961 
49.866667 	 0.404491 
49.883333 	 0.404022 
49.900000 	 0.403553 
49.916667 	 0.403085 
49.933333 	 0.402618 
49.950000 	 0.402151 
49.966667 	 0.401684 
49.983333 	 0.401219 
50.000000 	 0.400754 
50.016667 	 0.400289 
50.033333 	 0.399825 
50.050000 	 0.399362 
50.066667 	 0.398899 
50.083333 	 0.398437 
50.100000 	 0.397976 
50.116667 	 0.397515 
50.133333 	 0.397055 
50.150000 	 0.396595 
50.166667 	 0.396136 
50.183333 	 0.395678 
50.200000 	 0.395220 
50.216667 	 0.394763 
50.233333 	 0.394306 
50.250000 	 0.393850 
50.266667 	 0.393395 
50.283333 	 0.392940 
50.300000 	 0.392486 
50.316667 	 0.392032 
50.333333 	 0.391579 
50.350000 	 0.391127 
50.366667 	 0.390675 
50.383333 	 0.390224 
50.400000 	 0.389773 
50.416667 	 0.389323 
50.433333 	 0.388874 
50.450000 	 0.388425 
50.466667 	 0.387977 
50.483333 	 0.387529 
50.500000 	 0.387082 
50.516667 	 0.386636 
50.533333 	 0.386190 
50.550000 	 0.385744 
50.566667 	 0.385300 
50.583333 	 0.384855 
50.600000 	 0.384412 
50.616667 	 0.383969 
50.633333 	 0.383527 
50.650000 	 0.383085 
50.666667 	 0.382644 
50.683333 	 0.382203 
50.700000 	 0.381763 
50.716667 	 0.381323 
50.733333 	 0.380884 
50.750000 	 0.380446 
50.766667 	 0.380008 
50.783333 	 0.379571 
50.800000 	 0.379135 
50.816667 	 0.378699 
50.833333 	 0.378263 
50.850000 	 0.377828 
50.866667 	 0.377394 
50.883333 	 0.376960 
50.900000 	 0.376527 
50.916667 	 0.376094 
50.933333 	 0.375662 
50.950000 	 0.375231 
50.966667 	 0.374800 
50.983333 	 0.374370 
51.000000 	 0.373940 
51.016667 	 0.373511 
51.033333 	 0.373082 
51.050000 	 0.372654 
51.066667 	 0.372227 
51.083333 	 0.371800 
51.100000 	 0.371373 
51.116667 	 0.370948 
51.133333 	 0.370522 
51.150000 	 0.370098 
51.166667 	 0.369674 
51.183333 	 0.369250 
51.200000 	 0.368827 
51.216667 	 0.368405 
51.233333 	 0.367983 
51.250000 	 0.367561 
51.266667 	 0.367141 
51.283333 	 0.366720 
51.300000 	 0.366301 
51.316667 	 0.365882 
51.333333 	 0.365463 
51.350000 	 0.365045 
51.366667 	 0.364627 
51.383333 	 0.364211 
51.400000 	 0.363794 
51.416667 	 0.363378 
51.433333 	 0.362963 
51.450000 	 0.362548 
51.466667 	 0.362134 
51.483333 	 0.361721 
51.500000 	 0.361307 
51.516667 	 0.360895 
51.533333 	 0.360483 
51.550000 	 0.360071 
51.566667 	 0.359661 
51.583333 	 0.359250 
51.600000 	 0.358840 
51.616667 	 0.358431 
51.633333 	 0.358022 
51.650000 	 0.357614 
51.666667 	 0.357206 
51.683333 	 0.356799 
51.700000 	 0.356393 
51.716667 	 0.355987 
51.733333 	 0.355581 
51.750000 	 0.355176 
51.766667 	 0.354772 
51.783333 	 0.354368 
51.800000 	 0.353964 
51.816667 	 0.353561 
51.833333 	 0.353159 
51.850000 	 0.352757 
51.866667 	 0.352356 
51.883333 	 0.351955 
51.900000 	 0.351555 
51.916667 	 0.351155 
51.933333 	 0.350756 
51.950000 	 0.350358 
51.966667 	 0.349959 
51.983333 	 0.349562 
52.000000 	 0.349165 
52.016667 	 0.348768 
52.033333 	 0.348372 
52.050000 	 0.347977 
52.066667 	 0.347582 
52.083333 	 0.347187 
52.100000 	 0.346793 
52.116667 	 0.346400 
52.133333 	 0.346007 
52.150000 	 0.345615 
52.166667 	 0.345223 
52.183333 	 0.344831 
52.200000 	 0.344441 
52.216667 	 0.344050 
52.233333 	 0.343660 
52.250000 	 0.343271 
52.266667 	 0.342882 
52.283333 	 0.342494 
52.300000 	 0.342106 
52.316667 	 0.341719 
52.333333 	 0.341332 
52.350000 	 0.340946 
52.366667 	 0.340560 
52.383333 	 0.340175 
52.400000 	 0.339791 
52.416667 	 0.339406 
52.433333 	 0.339023 
52.450000 	 0.338639 
52.466667 	 0.338257 
52.483333 	 0.337875 
52.500000 	 0.337493 
52.516667 	 0.337112 
52.533333 	 0.336731 
52.550000 	 0.336351 
52.566667 	 0.335971 
52.583333 	 0.335592 
52.600000 	 0.335213 
52.616667 	 0.334835 
52.633333 	 0.334458 
52.650000 	 0.334080 
52.666667 	 0.333704 
52.683333 	 0.333328 
52.700000 	 0.332952 
52.716667 	 0.332577 
52.733333 	 0.332202 
52.750000 	 0.331828 
52.766667 	 0.331454 
52.783333 	 0.331081 
52.800000 	 0.330708 
52.816667 	 0.330336 
52.833333 	 0.329964 
52.850000 	 0.329593 
52.866667 	 0.329222 
52.883333 	 0.328852 
52.900000 	 0.328482 
52.916667 	 0.328113 
52.933333 	 0.327744 
52.950000 	 0.327376 
52.966667 	 0.327008 
52.983333 	 0.326640 
53.000000 	 0.326274 
53.016667 	 0.325907 
53.033333 	 0.325541 
53.050000 	 0.325176 
53.066667 	 0.324811 
53.083333 	 0.324446 
53.100000 	 0.324082 
53.116667 	 0.323719 
53.133333 	 0.323356 
53.150000 	 0.322993 
53.166667 	 0.322631 
53.183333 	 0.322270 
53.200000 	 0.321909 
53.216667 	 0.321548 
53.233333 	 0.321188 
53.250000 	 0.320828 
53.266667 	 0.320469 
53.283333 	 0.320110 
53.300000 	 0.319752 
53.316667 	 0.319394 
53.333333 	 0.319037 
53.350000 	 0.318680 
53.366667 	 0.318323 
53.383333 	 0.317967 
53.400000 	 0.317612 
53.416667 	 0.317257 
53.433333 	 0.316902 
53.450000 	 0.316548 
53.466667 	 0.316195 
53.483333 	 0.315842 
53.500000 	 0.315489 
53.516667 	 0.315137 
53.533333 	 0.314785 
53.550000 	 0.314434 
53.566667 	 0.314083 
53.583333 	 0.313733 
53.600000 	 0.313383 
53.616667 	 0.313033 
53.633333 	 0.312684 
53.650000 	 0.312336 
53.666667 	 0.311988 
53.683333 	 0.311640 
53.700000 	 0.311293 
53.716667 	 0.310946 
53.733333 	 0.310600 
53.750000 	 0.310254 
53.766667 	 0.309909 
53.783333 	 0.309564 
53.800000 	 0.309220 
53.816667 	 0.308876 
53.833333 	 0.308532 
53.850000 	 0.308189 
53.866667 	 0.307847 
53.883333 	 0.307504 
53.900000 	 0.307163 
53.916667 	 0.306821 
53.933333 	 0.306481 
53.950000 	 0.306140 
53.966667 	 0.305800 
53.983333 	 0.305461 
54.000000 	 0.305122 
54.016667 	 0.304783 
54.033333 	 0.304445 
54.050000 	 0.304108 
54.066667 	 0.303770 
54.083333 	 0.303434 
54.100000 	 0.303097 
54.116667 	 0.302761 
54.133333 	 0.302426 
54.150000 	 0.302091 
54.166667 	 0.301756 
54.183333 	 0.301422 
54.200000 	 0.301088 
54.216667 	 0.300755 
54.233333 	 0.300422 
54.250000 	 0.300090 
54.266667 	 0.299758 
54.283333 	 0.299426 
54.300000 	 0.299095 
54.316667 	 0.298765 
54.333333 	 0.298434 
54.350000 	 0.298105 
54.366667 	 0.297775 
54.383333 	 0.297446 
54.400000 	 0.297118 
54.416667 	 0.296790 
54.433333 	 0.296462 
54.450000 	 0.296135 
54.466667 	 0.295808 
54.483333 	 0.295482 
54.500000 	 0.295156 
54.516667 	 0.294830 
54.533333 	 0.294505 
54.550000 	 0.294181 
54.566667 	 0.293856 
54.583333 	 0.293533 
54.600000 	 0.293209 
54.616667 	 0.292886 
54.633333 	 0.292564 
54.650000 	 0.292242 
54.666667 	 0.291920 
54.683333 	 0.291599 
54.700000 	 0.291278 
54.716667 	 0.290958 
54.733333 	 0.290638 
54.750000 	 0.290318 
54.766667 	 0.289999 
54.783333 	 0.289680 
54.800000 	 0.289362 
54.816667 	 0.289044 
54.833333 	 0.288726 
54.850000 	 0.288409 
54.866667 	 0.288093 
54.883333 	 0.287776 
54.900000 	 0.287461 
54.916667 	 0.287145 
54.933333 	 0.286830 
54.950000 	 0.286516 
54.966667 	 0.286202 
54.983333 	 0.285888 
55.000000 	 0.285574 
55.016667 	 0.285262 
55.033333 	 0.284949 
55.050000 	 0.284637 
55.066667 	 0.284325 
55.083333 	 0.284014 
55.100000 	 0.283703 
55.116667 	 0.283392 
55.133333 	 0.283082 
55.150000 	 0.282773 
55.166667 	 0.282463 
55.183333 	 0.282155 
55.200000 	 0.281846 
55.216667 	 0.281538 
55.233333 	 0.281230 
55.250000 	 0.280923 
55.266667 	 0.280616 
55.283333 	 0.280310 
55.300000 	 0.280004 
55.316667 	 0.279698 
55.333333 	 0.279393 
55.350000 	 0.279088 
55.366667 	 0.278784 
55.383333 	 0.278480 
55.400000 	 0.278176 
55.416667 	 0.277873 
55.433333 	 0.277570 
55.450000 	 0.277267 
55.466667 	 0.276965 
55.483333 	 0.276664 
55.500000 	 0.276362 
55.516667 	 0.276061 
55.533333 	 0.275761 
55.550000 	 0.275461 
55.566667 	 0.275161 
55.583333 	 0.274862 
55.600000 	 0.274563 
55.616667 	 0.274264 
55.633333 	 0.273966 
55.650000 	 0.273668 
55.666667 	 0.273371 
55.683333 	 0.273074 
55.700000 	 0.272777 
55.716667 	 0.272481 
55.733333 	 0.272185 
55.750000 	 0.271890 
55.766667 	 0.271595 
55.783333 	 0.271300 
55.800000 	 0.271006 
55.816667 	 0.270712 
55.833333 	 0.270419 
55.850000 	 0.270125 
55.866667 	 0.269833 
55.883333 	 0.269540 
55.900000 	 0.269248 
55.916667 	 0.268957 
55.933333 	 0.268666 
55.950000 	 0.268375 
55.966667 	 0.268084 
55.983333 	 0.267794 
56.000000 	 0.267504 
56.016667 	 0.267215 
56.033333 	 0.266926 
56.050000 	 0.266638 
56.066667 	 0.266349 
56.083333 	 0.266062 
56.100000 	 0.265774 
56.116667 	 0.265487 
56.133333 	 0.265200 
56.150000 	 0.264914 
56.166667 	 0.264628 
56.183333 	 0.264343 
56.200000 	 0.264057 
56.216667 	 0.263773 
56.233333 	 0.263488 
56.250000 	 0.263204 
56.266667 	 0.262920 
56.283333 	 0.262637 
56.300000 	 0.262354 
56.316667 	 0.262071 
56.333333 	 0.261789 
56.350000 	 0.261507 
56.366667 	 0.261226 
56.383333 	 0.260944 
56.400000 	 0.260664 
56.416667 	 0.260383 
56.433333 	 0.260103 
56.450000 	 0.259824 
56.466667 	 0.259544 
56.483333 	 0.259265 
56.500000 	 0.258987 
56.516667 	 0.258708 
56.533333 	 0.258431 
56.550000 	 0.258153 
56.566667 	 0.257876 
56.583333 	 0.257599 
56.600000 	 0.257323 
56.616667 	 0.257047 
56.633333 	 0.256771 
56.650000 	 0.256496 
56.666667 	 0.256221 
56.683333 	 0.255946 
56.700000 	 0.255672 
56.716667 	 0.255398 
56.733333 	 0.255124 
56.750000 	 0.254851 
56.766667 	 0.254578 
56.783333 	 0.254306 
56.800000 	 0.254033 
56.816667 	 0.253762 
56.833333 	 0.253490 
56.850000 	 0.253219 
56.866667 	 0.252948 
56.883333 	 0.252678 
56.900000 	 0.252408 
56.916667 	 0.252138 
56.933333 	 0.251869 
56.950000 	 0.251600 
56.966667 	 0.251331 
56.983333 	 0.251063 
57.000000 	 0.250795 
57.016667 	 0.250527 
57.033333 	 0.250260 
57.050000 	 0.249993 
57.066667 	 0.249727 
57.083333 	 0.249460 
57.100000 	 0.249195 
57.116667 	 0.248929 
57.133333 	 0.248664 
57.150000 	 0.248399 
57.166667 	 0.248134 
57.183333 	 0.247870 
57.200000 	 0.247607 
57.216667 	 0.247343 
57.233333 	 0.247080 
57.250000 	 0.246817 
57.266667 	 0.246555 
57.283333 	 0.246293 
57.300000 	 0.246031 
57.316667 	 0.245769 
57.333333 	 0.245508 
57.350000 	 0.245248 
57.366667 	 0.244987 
57.383333 	 0.244727 
57.400000 	 0.244467 
57.416667 	 0.244208 
57.433333 	 0.243949 
57.450000 	 0.243690 
57.466667 	 0.243432 
57.483333 	 0.243174 
57.500000 	 0.242916 
57.516667 	 0.242659 
57.533333 	 0.242401 
57.550000 	 0.242145 
57.566667 	 0.241888 
57.583333 	 0.241632 
57.600000 	 0.241377 
57.616667 	 0.241121 
57.633333 	 0.240866 
57.650000 	 0.240611 
57.666667 	 0.240357 
57.683333 	 0.240103 
57.700000 	 0.239849 
57.716667 	 0.239596 
57.733333 	 0.239342 
57.750000 	 0.239090 
57.766667 	 0.238837 
57.783333 	 0.238585 
57.800000 	 0.238333 
57.816667 	 0.238082 
57.833333 	 0.237831 
57.850000 	 0.237580 
57.866667 	 0.237329 
57.883333 	 0.237079 
57.900000 	 0.236829 
57.916667 	 0.236580 
57.933333 	 0.236330 
57.950000 	 0.236082 
57.966667 	 0.235833 
57.983333 	 0.235585 
58.000000 	 0.235337 
58.016667 	 0.235089 
58.033333 	 0.234842 
58.050000 	 0.234595 
58.066667 	 0.234348 
58.083333 	 0.234102 
58.100000 	 0.233856 
58.116667 	 0.233610 
58.133333 	 0.233365 
58.150000 	 0.233120 
58.166667 	 0.232875 
58.183333 	 0.232630 
58.200000 	 0.232386 
58.216667 	 0.232143 
58.233333 	 0.231899 
58.250000 	 0.231656 
58.266667 	 0.231413 
58.283333 	 0.231170 
58.300000 	 0.230928 
58.316667 	 0.230686 
58.333333 	 0.230445 
58.350000 	 0.230203 
58.366667 	 0.229962 
58.383333 	 0.229722 
58.400000 	 0.229481 
58.416667 	 0.229241 
58.433333 	 0.229001 
58.450000 	 0.228762 
58.466667 	 0.228523 
58.483333 	 0.228284 
58.500000 	 0.228045 
58.516667 	 0.227807 
58.533333 	 0.227569 
58.550000 	 0.227332 
58.566667 	 0.227094 
58.583333 	 0.226857 
58.600000 	 0.226620 
58.616667 	 0.226384 
58.633333 	 0.226148 
58.650000 	 0.225912 
58.666667 	 0.225677 
58.683333 	 0.225441 
58.700000 	 0.225207 
58.716667 	 0.224972 
58.733333 	 0.224738 
58.750000 	 0.224504 
58.766667 	 0.224270 
58.783333 	 0.224037 
58.800000 	 0.223803 
58.816667 	 0.223571 
58.833333 	 0.223338 
58.850000 	 0.223106 
58.866667 	 0.222874 
58.883333 	 0.222642 
58.900000 	 0.222411 
58.916667 	 0.222180 
58.933333 	 0.221949 
58.950000 	 0.221719 
58.966667 	 0.221489 
58.983333 	 0.221259 
59.000000 	 0.221029 
59.016667 	 0.220800 
59.033333 	 0.220571 
59.050000 	 0.220343 
59.066667 	 0.220114 
59.083333 	 0.219886 
59.100000 	 0.219658 
59.116667 	 0.219431 
59.133333 	 0.219204 
59.150000 	 0.218977 
59.166667 	 0.218750 
59.183333 	 0.218524 
59.200000 	 0.218298 
59.216667 	 0.218072 
59.233333 	 0.217847 
59.250000 	 0.217621 
59.266667 	 0.217396 
59.283333 	 0.217172 
59.300000 	 0.216948 
59.316667 	 0.216724 
59.333333 	 0.216500 
59.350000 	 0.216276 
59.366667 	 0.216053 
59.383333 	 0.215830 
59.400000 	 0.215608 
59.416667 	 0.215385 
59.433333 	 0.215163 
59.450000 	 0.214942 
59.466667 	 0.214720 
59.483333 	 0.214499 
59.500000 	 0.214278 
59.516667 	 0.214057 
59.533333 	 0.213837 
59.550000 	 0.213617 
59.566667 	 0.213397 
59.583333 	 0.213178 
59.600000 	 0.212958 
59.616667 	 0.212739 
59.633333 	 0.212521 
59.650000 	 0.212302 
59.666667 	 0.212084 
59.683333 	 0.211866 
59.700000 	 0.211649 
59.716667 	 0.211432 
59.733333 	 0.211215 
59.750000 	 0.210998 
59.766667 	 0.210782 
59.783333 	 0.210565 
59.800000 	 0.210349 
59.816667 	 0.210134 
59.833333 	 0.209918 
59.850000 	 0.209703 
59.866667 	 0.209489 
59.883333 	 0.209274 
59.900000 	 0.209060 
59.916667 	 0.208846 
59.933333 	 0.208632 
59.950000 	 0.208419 
59.966667 	 0.208205 
59.983333 	 0.207993 
