0.000000 	 0.000001 
2.171446 	 0.028601 
2.938037 	 0.047301 
3.503975 	 0.063418 
3.969216 	 0.078046 
4.371511 	 0.091656 
4.729849 	 0.104504 
5.055339 	 0.116752 
5.355125 	 0.128508 
5.634114 	 0.139850 
5.895847 	 0.150837 
6.142973 	 0.161513 
6.377535 	 0.171915 
6.601146 	 0.182071 
6.815107 	 0.192006 
7.020481 	 0.201740 
7.218155 	 0.211291 
7.408874 	 0.220671 
7.593271 	 0.229896 
7.771891 	 0.238974 
7.945206 	 0.247917 
8.113628 	 0.256733 
8.277519 	 0.265430 
8.437199 	 0.274014 
8.592952 	 0.282492 
8.745033 	 0.290870 
8.893672 	 0.299153 
9.039073 	 0.307344 
9.181424 	 0.315450 
9.320894 	 0.323473 
9.457638 	 0.331417 
9.591799 	 0.339286 
9.723505 	 0.347083 
9.852876 	 0.354810 
9.980024 	 0.362471 
10.105049 	 0.370068 
10.228047 	 0.377602 
10.349105 	 0.385077 
10.468306 	 0.392495 
10.585725 	 0.399857 
10.701434 	 0.407165 
10.815499 	 0.414421 
10.927985 	 0.421627 
11.038948 	 0.428783 
11.148445 	 0.435893 
11.256527 	 0.442956 
11.363244 	 0.449974 
11.468642 	 0.456950 
11.572765 	 0.463882 
11.675654 	 0.470774 
11.777349 	 0.477625 
11.877888 	 0.484438 
11.977305 	 0.491212 
12.075635 	 0.497949 
12.172909 	 0.504650 
12.269158 	 0.511316 
12.364411 	 0.517947 
12.458697 	 0.524544 
12.552041 	 0.531108 
12.644469 	 0.537640 
12.736006 	 0.544140 
12.826674 	 0.550610 
12.916496 	 0.557049 
13.005493 	 0.563458 
13.093686 	 0.569839 
13.181095 	 0.576191 
13.267737 	 0.582515 
13.353633 	 0.588812 
13.438798 	 0.595082 
13.523250 	 0.601326 
13.607005 	 0.607544 
13.690078 	 0.613737 
13.772485 	 0.619905 
13.854240 	 0.626048 
13.935357 	 0.632167 
14.015850 	 0.638263 
14.095732 	 0.644336 
14.175014 	 0.650385 
14.253710 	 0.656412 
14.331831 	 0.662418 
14.409389 	 0.668401 
14.486394 	 0.674363 
14.562858 	 0.680304 
14.638790 	 0.686225 
14.714201 	 0.692125 
14.789101 	 0.698005 
14.863498 	 0.703865 
14.937402 	 0.709706 
15.010822 	 0.715527 
15.083767 	 0.721330 
15.156244 	 0.727114 
15.228263 	 0.732879 
15.299830 	 0.738626 
15.370954 	 0.744356 
15.441642 	 0.750068 
15.511902 	 0.755762 
15.581739 	 0.761440 
15.651162 	 0.767100 
15.720178 	 0.772744 
15.788791 	 0.778371 
15.857010 	 0.783981 
15.924839 	 0.789576 
15.992286 	 0.795154 
16.059355 	 0.800717 
16.126054 	 0.806264 
16.192387 	 0.811796 
16.258359 	 0.817313 
16.323977 	 0.822814 
16.389245 	 0.828301 
16.454168 	 0.833773 
16.518752 	 0.839230 
16.583001 	 0.844673 
16.646920 	 0.850101 
16.710513 	 0.855516 
16.773786 	 0.860916 
16.836742 	 0.866302 
16.899386 	 0.871675 
16.961722 	 0.877033 
17.023754 	 0.882378 
17.085486 	 0.887710 
17.146923 	 0.893028 
17.208067 	 0.898333 
17.268923 	 0.903625 
17.329495 	 0.908904 
17.389786 	 0.914169 
17.449800 	 0.919422 
17.509539 	 0.924662 
17.569009 	 0.929889 
17.628211 	 0.935103 
17.687150 	 0.940304 
17.745828 	 0.945493 
17.804248 	 0.950669 
17.862414 	 0.955832 
17.920329 	 0.960983 
17.977996 	 0.966121 
18.035417 	 0.971247 
18.092595 	 0.976360 
18.149534 	 0.981461 
18.206236 	 0.986549 
18.262703 	 0.991625 
18.318939 	 0.996688 
18.374946 	 1.001738 
18.430726 	 1.006776 
18.486282 	 1.011802 
18.541616 	 1.016814 
18.596732 	 1.021814 
18.651630 	 1.026801 
18.706315 	 1.031776 
18.760787 	 1.036737 
18.815049 	 1.041685 
18.869104 	 1.046621 
18.922953 	 1.051543 
18.976599 	 1.056453 
19.030043 	 1.061348 
19.083289 	 1.066231 
19.136337 	 1.071100 
19.189191 	 1.075955 
19.241851 	 1.080796 
19.294320 	 1.085624 
19.346600 	 1.090437 
19.398692 	 1.095236 
19.450599 	 1.100021 
19.502322 	 1.104791 
19.553863 	 1.109546 
19.605224 	 1.114287 
19.656407 	 1.119012 
19.707413 	 1.123723 
19.758244 	 1.128417 
19.808901 	 1.133096 
19.859387 	 1.137759 
19.909703 	 1.142406 
19.959850 	 1.147036 
20.009831 	 1.151650 
20.059645 	 1.156247 
20.109297 	 1.160827 
20.158785 	 1.165389 
20.208113 	 1.169934 
20.257281 	 1.174461 
20.306291 	 1.178970 
20.355145 	 1.183460 
20.403843 	 1.187932 
20.452388 	 1.192385 
20.500780 	 1.196818 
20.549021 	 1.201231 
20.597112 	 1.205625 
20.645055 	 1.209998 
20.692851 	 1.214351 
20.740500 	 1.218683 
20.788005 	 1.222993 
20.835367 	 1.227282 
20.882586 	 1.231549 
20.929664 	 1.235794 
20.976603 	 1.240016 
21.023402 	 1.244215 
21.070065 	 1.248391 
21.116591 	 1.252544 
21.162982 	 1.256672 
21.209238 	 1.260776 
21.255362 	 1.264855 
21.301354 	 1.268910 
21.347215 	 1.272939 
21.392946 	 1.276942 
21.438549 	 1.280919 
21.484024 	 1.284869 
21.529372 	 1.288793 
21.574595 	 1.292689 
21.619694 	 1.296558 
21.664668 	 1.300399 
21.709520 	 1.304212 
21.754251 	 1.307996 
21.798860 	 1.311751 
21.843351 	 1.315477 
21.887722 	 1.319174 
21.931975 	 1.322840 
21.976112 	 1.326476 
22.020132 	 1.330081 
22.064038 	 1.333656 
22.107829 	 1.337199 
22.151507 	 1.340711 
22.195072 	 1.344190 
22.238526 	 1.347638 
22.281869 	 1.351045 
22.325102 	 1.354410 
22.368226 	 1.357733 
22.411241 	 1.361015 
22.454150 	 1.364257 
22.496951 	 1.367458 
22.539647 	 1.370619 
22.582238 	 1.373740 
22.624725 	 1.376822 
22.667108 	 1.379865 
22.709388 	 1.382870 
22.751567 	 1.385835 
22.793644 	 1.388763 
22.835622 	 1.391653 
22.877499 	 1.394505 
22.919278 	 1.397319 
22.960958 	 1.400096 
23.002541 	 1.402835 
23.044027 	 1.405537 
23.085417 	 1.408202 
23.126712 	 1.410830 
23.167912 	 1.413421 
23.209019 	 1.415975 
23.250032 	 1.418493 
23.290952 	 1.420974 
23.331781 	 1.423418 
23.372518 	 1.425826 
23.413165 	 1.428198 
23.453722 	 1.430534 
23.494190 	 1.432833 
23.534568 	 1.435096 
23.574859 	 1.437324 
23.615063 	 1.439515 
23.655180 	 1.441671 
23.695210 	 1.443791 
23.735156 	 1.445876 
23.775016 	 1.447925 
23.814792 	 1.449940 
23.854484 	 1.451920 
23.894093 	 1.453866 
23.933619 	 1.455777 
23.973063 	 1.457653 
24.012426 	 1.459495 
24.051709 	 1.461302 
24.090910 	 1.463076 
24.130033 	 1.464814 
24.169076 	 1.466519 
24.208040 	 1.468189 
24.246926 	 1.469825 
24.285735 	 1.471427 
24.324466 	 1.472996 
24.363121 	 1.474530 
24.401701 	 1.476030 
24.440204 	 1.477497 
24.478633 	 1.478930 
24.516987 	 1.480330 
24.555268 	 1.481697 
24.593475 	 1.483032 
24.631609 	 1.484333 
24.669670 	 1.485602 
24.707660 	 1.486839 
24.745578 	 1.488044 
24.783425 	 1.489218 
24.821201 	 1.490360 
24.858908 	 1.491471 
24.896545 	 1.492551 
24.934112 	 1.493602 
24.971612 	 1.494622 
25.009042 	 1.495612 
25.046405 	 1.496574 
25.083701 	 1.497506 
25.120930 	 1.498411 
25.158092 	 1.499287 
25.195189 	 1.500135 
25.232220 	 1.500956 
25.269185 	 1.501750 
25.306086 	 1.502518 
25.342923 	 1.503260 
25.379695 	 1.503976 
25.416404 	 1.504667 
25.453050 	 1.505333 
25.489634 	 1.505975 
25.526155 	 1.506593 
25.562614 	 1.507188 
25.599012 	 1.507760 
25.635348 	 1.508309 
25.671624 	 1.508836 
25.707840 	 1.509341 
25.743995 	 1.509825 
25.780091 	 1.510288 
25.816128 	 1.510731 
25.852106 	 1.511153 
25.888026 	 1.511557 
25.923887 	 1.511940 
25.959691 	 1.512306 
25.995437 	 1.512653 
26.031126 	 1.512982 
26.066758 	 1.513293 
26.102335 	 1.513587 
26.137855 	 1.513865 
26.173319 	 1.514126 
26.208728 	 1.514372 
26.244082 	 1.514602 
26.279382 	 1.514816 
26.314627 	 1.515016 
26.349818 	 1.515202 
26.384956 	 1.515373 
26.420040 	 1.515531 
26.455071 	 1.515676 
26.490049 	 1.515807 
26.524975 	 1.515926 
26.559849 	 1.516033 
26.594671 	 1.516127 
26.629442 	 1.516211 
26.664161 	 1.516282 
26.698830 	 1.516343 
26.733448 	 1.516394 
26.768015 	 1.516434 
26.802533 	 1.516464 
26.837000 	 1.516484 
26.871419 	 1.516495 
26.905788 	 1.516496 
26.940108 	 1.516489 
26.974380 	 1.516474 
27.008603 	 1.516450 
27.042779 	 1.516418 
27.076906 	 1.516378 
27.110986 	 1.516331 
27.145019 	 1.516277 
27.179004 	 1.516216 
27.212943 	 1.516148 
27.246836 	 1.516074 
27.280682 	 1.515993 
27.314482 	 1.515907 
27.348237 	 1.515814 
27.381946 	 1.515716 
27.415610 	 1.515613 
27.449229 	 1.515505 
27.482803 	 1.515392 
27.516333 	 1.515274 
27.549818 	 1.515152 
27.583259 	 1.515025 
27.616657 	 1.514894 
27.650011 	 1.514760 
27.683322 	 1.514621 
27.716589 	 1.514480 
27.749814 	 1.514334 
27.782996 	 1.514186 
27.816136 	 1.514035 
27.849233 	 1.513880 
27.882289 	 1.513723 
27.915303 	 1.513564 
27.948275 	 1.513402 
27.981206 	 1.513238 
28.014095 	 1.513072 
28.046944 	 1.512904 
28.079752 	 1.512734 
28.112520 	 1.512562 
28.145247 	 1.512389 
28.177934 	 1.512214 
28.210582 	 1.512038 
28.243189 	 1.511861 
28.275757 	 1.511683 
28.308286 	 1.511504 
28.340776 	 1.511324 
28.373226 	 1.511144 
28.405638 	 1.510963 
28.438012 	 1.510781 
28.470347 	 1.510599 
28.502644 	 1.510417 
28.534903 	 1.510234 
28.567124 	 1.510051 
28.599307 	 1.509868 
28.631453 	 1.509686 
28.663562 	 1.509503 
28.695634 	 1.509321 
28.727668 	 1.509138 
28.759666 	 1.508957 
28.791628 	 1.508775 
28.823553 	 1.508594 
28.855442 	 1.508414 
28.887295 	 1.508234 
28.919112 	 1.508055 
28.950893 	 1.507877 
28.982638 	 1.507700 
29.014349 	 1.507523 
29.046024 	 1.507347 
29.077663 	 1.507173 
29.109268 	 1.506999 
29.140839 	 1.506826 
29.172374 	 1.506655 
29.203875 	 1.506484 
29.235342 	 1.506315 
29.266775 	 1.506147 
29.298174 	 1.505981 
29.329539 	 1.505815 
29.360870 	 1.505652 
29.392167 	 1.505489 
29.423432 	 1.505328 
29.454663 	 1.505168 
29.485860 	 1.505010 
29.517025 	 1.504853 
29.548158 	 1.504698 
29.579257 	 1.504544 
29.610324 	 1.504392 
29.641358 	 1.504241 
29.672361 	 1.504092 
29.703331 	 1.503945 
29.734269 	 1.503799 
29.765175 	 1.503655 
29.796049 	 1.503512 
29.826892 	 1.503371 
29.857704 	 1.503232 
29.888484 	 1.503095 
29.919233 	 1.502959 
29.949951 	 1.502825 
29.980638 	 1.502692 
30.011294 	 1.501354 
30.041919 	 1.497957 
30.072514 	 1.494572 
30.103079 	 1.491197 
30.133614 	 1.487834 
30.164118 	 1.484481 
30.194593 	 1.481140 
30.225039 	 1.477809 
30.255455 	 1.474489 
30.285842 	 1.471180 
30.316200 	 1.467881 
30.346529 	 1.464593 
30.376829 	 1.461315 
30.407101 	 1.458048 
30.437345 	 1.454792 
30.467560 	 1.451546 
30.497748 	 1.448310 
30.527907 	 1.445085 
30.558039 	 1.441870 
30.588144 	 1.438665 
30.618221 	 1.435470 
30.648271 	 1.432285 
30.678294 	 1.429111 
30.708290 	 1.425947 
30.738260 	 1.422792 
30.768203 	 1.419648 
30.798119 	 1.416513 
30.828009 	 1.413388 
30.857874 	 1.410273 
30.887712 	 1.407168 
30.917524 	 1.404072 
30.947311 	 1.400987 
30.977072 	 1.397910 
31.006808 	 1.394843 
31.036519 	 1.391786 
31.066205 	 1.388738 
31.095865 	 1.385700 
31.125501 	 1.382671 
31.155112 	 1.379651 
31.184699 	 1.376641 
31.214261 	 1.373640 
31.243799 	 1.370648 
31.273313 	 1.367665 
31.302803 	 1.364691 
31.332269 	 1.361726 
31.361711 	 1.358770 
31.391129 	 1.355824 
31.420525 	 1.352886 
31.449896 	 1.349956 
31.479245 	 1.347036 
31.508570 	 1.344125 
31.537872 	 1.341222 
31.567152 	 1.338328 
31.596409 	 1.335442 
31.625643 	 1.332565 
31.654854 	 1.329697 
31.684044 	 1.326837 
31.713211 	 1.323985 
31.742355 	 1.321142 
31.771478 	 1.318308 
31.800579 	 1.315481 
31.829658 	 1.312663 
31.858715 	 1.309853 
31.887750 	 1.307052 
31.916765 	 1.304258 
31.945757 	 1.301473 
31.974729 	 1.298695 
32.003679 	 1.295926 
32.032608 	 1.293165 
32.061517 	 1.290411 
32.090404 	 1.287666 
32.119271 	 1.284928 
32.148117 	 1.282198 
32.176942 	 1.279476 
32.205747 	 1.276762 
32.234532 	 1.274055 
32.263296 	 1.271356 
32.292041 	 1.268665 
32.320765 	 1.265981 
32.349470 	 1.263304 
32.378154 	 1.260636 
32.406819 	 1.257974 
32.435464 	 1.255320 
32.464090 	 1.252674 
32.492696 	 1.250035 
32.521282 	 1.247403 
32.549850 	 1.244778 
32.578398 	 1.242161 
32.606927 	 1.239550 
32.635437 	 1.236947 
32.663929 	 1.234351 
32.692401 	 1.231762 
32.720855 	 1.229181 
32.749290 	 1.226606 
32.777707 	 1.224038 
32.806105 	 1.221477 
32.834484 	 1.218923 
32.862846 	 1.216376 
32.891189 	 1.213835 
32.919514 	 1.211302 
32.947821 	 1.208775 
32.976110 	 1.206255 
33.004381 	 1.203741 
33.032634 	 1.201235 
33.060870 	 1.198735 
33.089088 	 1.196241 
33.117289 	 1.193754 
33.145472 	 1.191274 
33.173637 	 1.188800 
33.201786 	 1.186332 
33.229917 	 1.183871 
33.258031 	 1.181416 
33.286127 	 1.178968 
33.314207 	 1.176526 
33.342270 	 1.174090 
33.370316 	 1.171661 
33.398345 	 1.169237 
33.426358 	 1.166820 
33.454354 	 1.164410 
33.482333 	 1.162005 
33.510296 	 1.159606 
33.538243 	 1.157214 
33.566173 	 1.154827 
33.594087 	 1.152447 
33.621985 	 1.150072 
33.649866 	 1.147704 
33.677732 	 1.145341 
33.705581 	 1.142985 
33.733415 	 1.140634 
33.761233 	 1.138289 
33.789035 	 1.135950 
33.816821 	 1.133617 
33.844592 	 1.131289 
33.872347 	 1.128967 
33.900086 	 1.126651 
33.927811 	 1.124341 
33.955519 	 1.122036 
33.983213 	 1.119737 
34.010891 	 1.117444 
34.038554 	 1.115156 
34.066202 	 1.112874 
34.093835 	 1.110597 
34.121453 	 1.108326 
34.149056 	 1.106060 
34.176644 	 1.103799 
34.204217 	 1.101545 
34.231776 	 1.099295 
34.259320 	 1.097051 
34.286849 	 1.094812 
34.314364 	 1.092579 
34.341864 	 1.090351 
34.369350 	 1.088128 
34.396821 	 1.085911 
34.424278 	 1.083698 
34.451721 	 1.081491 
34.479150 	 1.079290 
34.506565 	 1.077093 
34.533965 	 1.074902 
34.561351 	 1.072715 
34.588724 	 1.070534 
34.616082 	 1.068358 
34.643427 	 1.066187 
34.670758 	 1.064021 
34.698075 	 1.061860 
34.725379 	 1.059704 
34.752669 	 1.057553 
34.779945 	 1.055407 
34.807208 	 1.053266 
34.834457 	 1.051130 
34.861693 	 1.048999 
34.888915 	 1.046873 
34.916124 	 1.044752 
34.943320 	 1.042635 
34.970503 	 1.040524 
34.997673 	 1.038417 
35.024829 	 1.036315 
35.051973 	 1.034218 
35.079103 	 1.032125 
35.106220 	 1.030037 
35.133325 	 1.027954 
35.160417 	 1.025876 
35.187496 	 1.023803 
35.214562 	 1.021734 
35.241616 	 1.019669 
35.268656 	 1.017610 
35.295685 	 1.015555 
35.322701 	 1.013505 
35.349704 	 1.011459 
35.376695 	 1.009418 
35.403673 	 1.007381 
35.430639 	 1.005349 
35.457593 	 1.003322 
35.484534 	 1.001299 
35.511464 	 0.999280 
35.538381 	 0.997266 
35.565286 	 0.995257 
35.592179 	 0.993252 
35.619059 	 0.991251 
35.645928 	 0.989255 
35.672785 	 0.987263 
35.699630 	 0.985276 
35.726464 	 0.983293 
35.753285 	 0.981315 
35.780095 	 0.979340 
35.806893 	 0.977371 
35.833679 	 0.975405 
35.860454 	 0.973444 
35.887217 	 0.971487 
35.913968 	 0.969534 
35.940709 	 0.967586 
35.967437 	 0.965642 
35.994154 	 0.963702 
36.020860 	 0.961767 
36.047555 	 0.959835 
36.074238 	 0.957908 
36.100910 	 0.955986 
36.127571 	 0.954067 
36.154220 	 0.952152 
36.180859 	 0.950242 
36.207486 	 0.948336 
36.234103 	 0.946434 
36.260708 	 0.944536 
36.287303 	 0.942642 
36.313886 	 0.940752 
36.340459 	 0.938867 
36.367021 	 0.936985 
36.393572 	 0.935108 
36.420112 	 0.933235 
36.446641 	 0.931366 
36.473160 	 0.929500 
36.499668 	 0.927639 
36.526166 	 0.925782 
36.552653 	 0.923929 
36.579130 	 0.922080 
36.605596 	 0.920235 
36.632051 	 0.918394 
36.658496 	 0.916557 
36.684931 	 0.914724 
36.711356 	 0.912894 
36.737770 	 0.911069 
36.764174 	 0.909248 
36.790567 	 0.907431 
36.816951 	 0.905617 
36.843324 	 0.903808 
36.869687 	 0.902002 
36.896040 	 0.900200 
36.922383 	 0.898402 
36.948716 	 0.896608 
36.975039 	 0.894818 
37.001352 	 0.893032 
37.027655 	 0.891249 
37.053949 	 0.889470 
37.080232 	 0.887696 
37.106506 	 0.885925 
37.132770 	 0.884157 
37.159024 	 0.882394 
37.185268 	 0.880634 
37.211503 	 0.878878 
37.237728 	 0.877126 
37.263944 	 0.875378 
37.290149 	 0.873633 
37.316346 	 0.871892 
37.342533 	 0.870155 
37.368710 	 0.868421 
37.394878 	 0.866692 
37.421037 	 0.864966 
37.447186 	 0.863243 
37.473326 	 0.861524 
37.499456 	 0.859809 
37.525577 	 0.858098 
37.551689 	 0.856390 
37.577792 	 0.854686 
37.603886 	 0.852986 
37.629970 	 0.851289 
37.656046 	 0.849596 
37.682112 	 0.847907 
37.708169 	 0.846221 
37.734217 	 0.844539 
37.760256 	 0.842860 
37.786286 	 0.841185 
37.812307 	 0.839513 
37.838320 	 0.837846 
37.864323 	 0.836181 
37.890318 	 0.834520 
37.916303 	 0.832863 
37.942280 	 0.831210 
37.968249 	 0.829560 
37.994208 	 0.827913 
38.020159 	 0.826270 
38.046101 	 0.824631 
38.072034 	 0.822995 
38.097959 	 0.821362 
38.123875 	 0.819733 
38.149783 	 0.818108 
38.175682 	 0.816486 
38.201573 	 0.814867 
38.227455 	 0.813252 
38.253328 	 0.811641 
38.279194 	 0.810033 
38.305050 	 0.808428 
38.330899 	 0.806827 
38.356739 	 0.805229 
38.382571 	 0.803635 
38.408394 	 0.802044 
38.434210 	 0.800457 
38.460017 	 0.798873 
38.485816 	 0.797292 
38.511606 	 0.795715 
38.537389 	 0.794141 
38.563163 	 0.792571 
38.588930 	 0.791004 
38.614688 	 0.789441 
38.640438 	 0.787880 
38.666180 	 0.786324 
38.691914 	 0.784770 
38.717640 	 0.783220 
38.743359 	 0.781673 
38.769069 	 0.780130 
38.794771 	 0.778590 
38.820466 	 0.777053 
38.846153 	 0.775520 
38.871832 	 0.773990 
38.897503 	 0.772463 
38.923166 	 0.770940 
38.948822 	 0.769420 
38.974470 	 0.767903 
39.000110 	 0.766389 
39.025742 	 0.764879 
39.051367 	 0.763372 
39.076984 	 0.761869 
39.102594 	 0.760368 
39.128196 	 0.758871 
39.153791 	 0.757377 
39.179378 	 0.755886 
39.204957 	 0.754399 
39.230529 	 0.752915 
39.256094 	 0.751434 
39.281651 	 0.749956 
39.307201 	 0.748482 
39.332743 	 0.747010 
39.358278 	 0.745542 
39.383806 	 0.744077 
39.409326 	 0.742616 
39.434839 	 0.741157 
39.460345 	 0.739702 
39.485843 	 0.738250 
39.511335 	 0.736801 
39.536819 	 0.735355 
39.562296 	 0.733912 
39.587765 	 0.732473 
39.613228 	 0.731036 
39.638683 	 0.729603 
39.664132 	 0.728173 
39.689573 	 0.726746 
39.715007 	 0.725322 
39.740435 	 0.723901 
39.765855 	 0.722484 
39.791268 	 0.721069 
39.816674 	 0.719658 
39.842074 	 0.718249 
39.867466 	 0.716844 
39.892852 	 0.715442 
39.918230 	 0.714043 
39.943602 	 0.712647 
39.968967 	 0.711253 
39.994325 	 0.709863 
40.019676 	 0.708477 
40.045021 	 0.707093 
40.070359 	 0.705712 
40.095690 	 0.704334 
40.121014 	 0.702959 
40.146332 	 0.701587 
40.171643 	 0.700218 
40.196947 	 0.698852 
40.222245 	 0.697490 
40.247536 	 0.696130 
40.272820 	 0.694773 
40.298098 	 0.693419 
40.323369 	 0.692068 
40.348634 	 0.690720 
40.373893 	 0.689375 
40.399144 	 0.688033 
40.424390 	 0.686694 
40.449629 	 0.685357 
40.474861 	 0.684024 
40.500087 	 0.682694 
40.525306 	 0.681366 
40.550520 	 0.680042 
40.575727 	 0.678720 
40.600927 	 0.677401 
40.626121 	 0.676085 
40.651309 	 0.674772 
40.676491 	 0.673462 
40.701666 	 0.672155 
40.726835 	 0.670851 
40.751998 	 0.669549 
40.777154 	 0.668250 
40.802305 	 0.666954 
40.827449 	 0.665661 
40.852587 	 0.664371 
40.877719 	 0.663084 
40.902845 	 0.661799 
40.927964 	 0.660518 
40.953078 	 0.659239 
40.978185 	 0.657963 
41.003287 	 0.656689 
41.028382 	 0.655419 
41.053472 	 0.654151 
41.078555 	 0.652886 
41.103632 	 0.651624 
41.128704 	 0.650364 
41.153769 	 0.649108 
41.178829 	 0.647854 
41.203883 	 0.646603 
41.228930 	 0.645354 
41.253972 	 0.644109 
41.279008 	 0.642866 
41.304038 	 0.641625 
41.329063 	 0.640388 
41.354081 	 0.639153 
41.379094 	 0.637921 
41.404101 	 0.636691 
41.429102 	 0.635464 
41.454097 	 0.634240 
41.479087 	 0.633019 
41.504071 	 0.631800 
41.529049 	 0.630584 
41.554022 	 0.629371 
41.578989 	 0.628160 
41.603950 	 0.626952 
41.628905 	 0.625746 
41.653855 	 0.624543 
41.678800 	 0.623343 
41.703739 	 0.622146 
41.728672 	 0.620951 
41.753599 	 0.619758 
41.778522 	 0.618568 
41.803438 	 0.617381 
41.828349 	 0.616197 
41.853255 	 0.615015 
41.878155 	 0.613835 
41.903049 	 0.612658 
41.927939 	 0.611484 
41.952822 	 0.610312 
41.977701 	 0.609143 
42.002574 	 0.607977 
42.027441 	 0.606812 
42.052303 	 0.605651 
42.077160 	 0.604492 
42.102012 	 0.603335 
42.126858 	 0.602182 
42.151699 	 0.601030 
42.176534 	 0.599881 
42.201364 	 0.598735 
42.226189 	 0.597591 
42.251009 	 0.596449 
42.275823 	 0.595310 
42.300633 	 0.594174 
42.325437 	 0.593040 
42.350236 	 0.591909 
42.375029 	 0.590779 
42.399818 	 0.589653 
42.424601 	 0.588529 
42.449379 	 0.587407 
42.474152 	 0.586288 
42.498920 	 0.585171 
42.523683 	 0.584057 
42.548441 	 0.582945 
42.573193 	 0.581835 
42.597941 	 0.580728 
42.622683 	 0.579623 
42.647421 	 0.578521 
42.672154 	 0.577421 
42.696881 	 0.576324 
42.721604 	 0.575229 
42.746321 	 0.574136 
42.771034 	 0.573045 
42.795741 	 0.571957 
42.820444 	 0.570872 
42.845142 	 0.569789 
42.869835 	 0.568708 
42.894523 	 0.567629 
42.919206 	 0.566553 
42.943884 	 0.565479 
42.968557 	 0.564407 
42.993226 	 0.563338 
43.017889 	 0.562271 
43.042548 	 0.561207 
43.067202 	 0.560145 
43.091852 	 0.559085 
43.116496 	 0.558027 
43.141136 	 0.556972 
43.165771 	 0.555919 
43.190401 	 0.554868 
43.215026 	 0.553819 
43.239647 	 0.552773 
43.264263 	 0.551729 
43.288875 	 0.550688 
43.313481 	 0.549648 
43.338083 	 0.548611 
43.362681 	 0.547576 
43.387273 	 0.546543 
43.411862 	 0.545513 
43.436445 	 0.544485 
43.461024 	 0.543459 
43.485598 	 0.542435 
43.510168 	 0.541414 
43.534733 	 0.540394 
43.559294 	 0.539377 
43.583850 	 0.538363 
43.608401 	 0.537350 
43.632948 	 0.536339 
43.657490 	 0.535331 
43.682028 	 0.534325 
43.706562 	 0.533321 
43.731091 	 0.532319 
43.755615 	 0.531320 
43.780136 	 0.530323 
43.804651 	 0.529327 
43.829162 	 0.528334 
43.853669 	 0.527343 
43.878172 	 0.526355 
43.902670 	 0.525368 
43.927163 	 0.524384 
43.951652 	 0.523401 
43.976137 	 0.522421 
44.000618 	 0.521443 
44.025094 	 0.520467 
44.049566 	 0.519493 
44.074033 	 0.518521 
44.098497 	 0.517552 
44.122956 	 0.516584 
44.147410 	 0.515619 
44.171861 	 0.514655 
44.196307 	 0.513694 
44.220749 	 0.512735 
44.245186 	 0.511778 
44.269620 	 0.510823 
44.294049 	 0.509870 
44.318474 	 0.508919 
44.342895 	 0.507970 
44.367312 	 0.507023 
44.391724 	 0.506079 
44.416132 	 0.505136 
44.440536 	 0.504195 
44.464936 	 0.503257 
44.489332 	 0.502320 
44.513724 	 0.501386 
44.538112 	 0.500453 
44.562495 	 0.499522 
44.586875 	 0.498594 
44.611250 	 0.497667 
44.635621 	 0.496743 
44.659989 	 0.495821 
44.684352 	 0.494900 
44.708711 	 0.493981 
44.733066 	 0.493065 
44.757417 	 0.492150 
44.781764 	 0.491238 
44.806107 	 0.490327 
44.830446 	 0.489419 
44.854782 	 0.488512 
44.879113 	 0.487607 
44.903440 	 0.486705 
44.927763 	 0.485804 
44.952082 	 0.484905 
44.976398 	 0.484008 
45.000709 	 0.483113 
45.025017 	 0.482220 
45.049320 	 0.481329 
45.073620 	 0.480440 
45.097916 	 0.479552 
45.122208 	 0.478667 
45.146496 	 0.477784 
45.170781 	 0.476902 
45.195061 	 0.476022 
45.219338 	 0.475145 
45.243611 	 0.474269 
45.267880 	 0.473395 
45.292145 	 0.472523 
45.316406 	 0.471653 
45.340664 	 0.470784 
45.364918 	 0.469918 
45.389168 	 0.469053 
45.413414 	 0.468190 
45.437657 	 0.467330 
45.461895 	 0.466471 
45.486130 	 0.465613 
45.510362 	 0.464758 
45.534590 	 0.463905 
45.558813 	 0.463053 
45.583034 	 0.462203 
45.607250 	 0.461355 
45.631463 	 0.460509 
45.655673 	 0.459665 
45.679878 	 0.458822 
45.704080 	 0.457982 
45.728278 	 0.457143 
45.752473 	 0.456306 
45.776664 	 0.455470 
45.800851 	 0.454637 
45.825035 	 0.453805 
45.849216 	 0.452975 
45.873392 	 0.452147 
45.897565 	 0.451321 
45.921735 	 0.450496 
45.945901 	 0.449674 
45.970063 	 0.448853 
45.994222 	 0.448033 
46.018377 	 0.447216 
46.042529 	 0.446400 
46.066677 	 0.445586 
46.090822 	 0.444774 
46.114963 	 0.443963 
46.139101 	 0.443155 
46.163235 	 0.442348 
46.187366 	 0.441542 
46.211494 	 0.440739 
46.235617 	 0.439937 
46.259738 	 0.439137 
46.283855 	 0.438339 
46.307968 	 0.437542 
46.332078 	 0.436747 
46.356185 	 0.435954 
46.380288 	 0.435162 
46.404388 	 0.434372 
46.428485 	 0.433584 
46.452578 	 0.432798 
46.476668 	 0.432013 
46.500754 	 0.431230 
46.524837 	 0.430448 
46.548917 	 0.429668 
46.572993 	 0.428890 
46.597066 	 0.428114 
46.621136 	 0.427339 
46.645202 	 0.426566 
46.669265 	 0.425795 
46.693325 	 0.425025 
46.717381 	 0.424257 
46.741434 	 0.423490 
46.765484 	 0.422725 
46.789530 	 0.421962 
46.813574 	 0.421200 
46.837614 	 0.420440 
46.861650 	 0.419682 
46.885684 	 0.418925 
46.909714 	 0.418170 
46.933741 	 0.417417 
46.957765 	 0.416665 
46.981786 	 0.415914 
47.005803 	 0.415166 
47.029817 	 0.414419 
47.053828 	 0.413673 
47.077836 	 0.412929 
47.101841 	 0.412187 
47.125842 	 0.411446 
47.149841 	 0.410707 
47.173836 	 0.409969 
47.197828 	 0.409233 
47.221817 	 0.408499 
47.245802 	 0.407766 
47.269785 	 0.407035 
47.293764 	 0.406305 
47.317741 	 0.405577 
47.341714 	 0.404850 
47.365684 	 0.404125 
47.389651 	 0.403401 
47.413615 	 0.402679 
47.437576 	 0.401959 
47.461534 	 0.401240 
47.485489 	 0.400523 
47.509441 	 0.399807 
47.533389 	 0.399092 
47.557335 	 0.398379 
47.581278 	 0.397668 
47.605217 	 0.396958 
47.629154 	 0.396250 
47.653087 	 0.395543 
47.677018 	 0.394838 
47.700945 	 0.394134 
47.724870 	 0.393432 
47.748792 	 0.392731 
47.772710 	 0.392032 
47.796626 	 0.391334 
47.820538 	 0.390637 
47.844448 	 0.389942 
47.868355 	 0.389249 
47.892259 	 0.388557 
47.916159 	 0.387867 
47.940057 	 0.387178 
47.963952 	 0.386490 
47.987844 	 0.385804 
48.011734 	 0.385119 
48.035620 	 0.384436 
48.059503 	 0.383754 
48.083384 	 0.383074 
48.107261 	 0.382395 
48.131136 	 0.381718 
48.155008 	 0.381042 
48.178877 	 0.380367 
48.202743 	 0.379694 
48.226606 	 0.379022 
48.250467 	 0.378352 
48.274324 	 0.377683 
48.298179 	 0.377016 
48.322031 	 0.376350 
48.345880 	 0.375685 
48.369726 	 0.375022 
48.393570 	 0.374360 
48.417410 	 0.373700 
48.441248 	 0.373041 
48.465083 	 0.372383 
48.488916 	 0.371727 
48.512745 	 0.371072 
48.536572 	 0.370419 
48.560396 	 0.369766 
48.584217 	 0.369116 
48.608036 	 0.368466 
48.631851 	 0.367818 
48.655664 	 0.367172 
48.679474 	 0.366527 
48.703282 	 0.365883 
48.727087 	 0.365240 
48.750889 	 0.364599 
48.774688 	 0.363959 
48.798485 	 0.363321 
48.822279 	 0.362684 
48.846070 	 0.362048 
48.869859 	 0.361413 
48.893645 	 0.360780 
48.917428 	 0.360149 
48.941208 	 0.359518 
48.964986 	 0.358889 
48.988761 	 0.358261 
49.012534 	 0.357635 
49.036304 	 0.357010 
49.060071 	 0.356386 
49.083836 	 0.355763 
49.107598 	 0.355142 
49.131357 	 0.354522 
49.155114 	 0.353904 
49.178868 	 0.353286 
49.202620 	 0.352670 
49.226369 	 0.352055 
49.250115 	 0.351442 
49.273859 	 0.350830 
49.297600 	 0.350219 
49.321339 	 0.349610 
49.345075 	 0.349001 
49.368808 	 0.348394 
49.392539 	 0.347788 
49.416268 	 0.347184 
49.439994 	 0.346581 
49.463717 	 0.345979 
49.487438 	 0.345378 
49.511156 	 0.344779 
49.534871 	 0.344181 
49.558585 	 0.343584 
49.582295 	 0.342988 
49.606003 	 0.342394 
49.629709 	 0.341801 
49.653412 	 0.341209 
49.677113 	 0.340618 
49.700811 	 0.340028 
49.724507 	 0.339440 
49.748200 	 0.338853 
49.771890 	 0.338268 
49.795579 	 0.337683 
49.819264 	 0.337100 
49.842948 	 0.336518 
49.866629 	 0.335937 
49.890307 	 0.335357 
49.913983 	 0.334779 
49.937657 	 0.334201 
49.961328 	 0.333625 
49.984996 	 0.333051 
50.008663 	 0.332477 
50.032327 	 0.331904 
50.055988 	 0.331333 
50.079647 	 0.330763 
50.103304 	 0.330194 
50.126958 	 0.329627 
50.150610 	 0.329060 
50.174259 	 0.328495 
50.197906 	 0.327931 
50.221551 	 0.327368 
50.245193 	 0.326806 
50.268833 	 0.326245 
50.292471 	 0.325686 
50.316106 	 0.325128 
50.339739 	 0.324571 
50.363369 	 0.324015 
50.386998 	 0.323460 
50.410624 	 0.322906 
50.434247 	 0.322354 
50.457868 	 0.321802 
50.481487 	 0.321252 
50.505104 	 0.320703 
50.528718 	 0.320155 
50.552330 	 0.319609 
50.575940 	 0.319063 
50.599547 	 0.318518 
50.623152 	 0.317975 
50.646755 	 0.317433 
50.670355 	 0.316892 
50.693954 	 0.316352 
50.717550 	 0.315813 
50.741143 	 0.315275 
50.764735 	 0.314738 
50.788324 	 0.314203 
50.811911 	 0.313668 
50.835496 	 0.313135 
50.859078 	 0.312603 
50.882658 	 0.312072 
50.906236 	 0.311542 
50.929812 	 0.311013 
50.953385 	 0.310485 
50.976957 	 0.309958 
51.000526 	 0.309433 
51.024092 	 0.308908 
51.047657 	 0.308385 
51.071220 	 0.307862 
51.094780 	 0.307341 
51.118338 	 0.306821 
51.141894 	 0.306302 
51.165447 	 0.305784 
51.188999 	 0.305267 
51.212548 	 0.304751 
51.236095 	 0.304236 
51.259640 	 0.303722 
51.283183 	 0.303209 
51.306724 	 0.302698 
51.330262 	 0.302187 
51.353799 	 0.301678 
51.377333 	 0.301169 
51.400865 	 0.300662 
51.424395 	 0.300155 
51.447923 	 0.299650 
51.471448 	 0.299145 
51.494972 	 0.298642 
51.518493 	 0.298140 
51.542013 	 0.297639 
51.565530 	 0.297138 
51.589045 	 0.296639 
51.612558 	 0.296141 
51.636069 	 0.295644 
51.659578 	 0.295148 
51.683084 	 0.294653 
51.706589 	 0.294159 
51.730091 	 0.293666 
51.753592 	 0.293174 
51.777090 	 0.292683 
51.800587 	 0.292193 
51.824081 	 0.291704 
51.847573 	 0.291216 
51.871063 	 0.290729 
51.894552 	 0.290243 
51.918038 	 0.289758 
51.941522 	 0.289274 
51.965004 	 0.288791 
51.988484 	 0.288309 
52.011961 	 0.287828 
52.035437 	 0.287348 
52.058911 	 0.286869 
52.082383 	 0.286390 
52.105853 	 0.285913 
52.129321 	 0.285437 
52.152787 	 0.284962 
52.176250 	 0.284488 
52.199712 	 0.284015 
52.223172 	 0.283542 
52.246630 	 0.283071 
52.270086 	 0.282601 
52.293540 	 0.282131 
52.316992 	 0.281663 
52.340442 	 0.281196 
52.363890 	 0.280729 
52.387336 	 0.280264 
52.410780 	 0.279799 
52.434222 	 0.279335 
52.457662 	 0.278873 
52.481100 	 0.278411 
52.504536 	 0.277950 
52.527970 	 0.277490 
52.551403 	 0.277031 
52.574833 	 0.276573 
52.598262 	 0.276116 
52.621688 	 0.275660 
52.645113 	 0.275205 
52.668536 	 0.274751 
52.691956 	 0.274297 
52.715375 	 0.273845 
52.738792 	 0.273393 
52.762207 	 0.272943 
52.785620 	 0.272493 
52.809032 	 0.272044 
52.832441 	 0.271596 
52.855849 	 0.271149 
52.879254 	 0.270703 
52.902658 	 0.270258 
52.926060 	 0.269814 
52.949460 	 0.269370 
52.972858 	 0.268928 
52.996254 	 0.268486 
53.019648 	 0.268046 
53.043041 	 0.267606 
53.066432 	 0.267167 
53.089820 	 0.266729 
53.113207 	 0.266292 
53.136592 	 0.265856 
53.159976 	 0.265421 
53.183357 	 0.264986 
53.206737 	 0.264552 
53.230114 	 0.264120 
53.253490 	 0.263688 
53.276864 	 0.263257 
53.300237 	 0.262827 
53.323607 	 0.262398 
53.346976 	 0.261969 
53.370343 	 0.261542 
53.393708 	 0.261115 
53.417071 	 0.260689 
53.440432 	 0.260264 
53.463792 	 0.259840 
53.487150 	 0.259417 
53.510506 	 0.258995 
53.533860 	 0.258573 
53.557213 	 0.258153 
53.580563 	 0.257733 
53.603912 	 0.257314 
53.627260 	 0.256896 
53.650605 	 0.256478 
53.673949 	 0.256062 
53.697290 	 0.255646 
53.720631 	 0.255231 
53.743969 	 0.254817 
53.767306 	 0.254404 
53.790640 	 0.253992 
53.813973 	 0.253580 
53.837305 	 0.253170 
53.860634 	 0.252760 
53.883962 	 0.252351 
53.907289 	 0.251943 
53.930613 	 0.251535 
53.953936 	 0.251129 
53.977257 	 0.250723 
54.000576 	 0.250318 
54.023894 	 0.249914 
54.047209 	 0.249511 
54.070524 	 0.249108 
54.093836 	 0.248706 
54.117147 	 0.248305 
54.140456 	 0.247905 
54.163763 	 0.247506 
54.187069 	 0.247107 
54.210373 	 0.246710 
54.233675 	 0.246313 
54.256976 	 0.245917 
54.280275 	 0.245521 
54.303572 	 0.245127 
54.326867 	 0.244733 
54.350161 	 0.244340 
54.373453 	 0.243948 
54.396744 	 0.243556 
54.420033 	 0.243166 
54.443320 	 0.242776 
54.466606 	 0.242387 
54.489890 	 0.241998 
54.513172 	 0.241611 
54.536453 	 0.241224 
54.559732 	 0.240838 
54.583009 	 0.240453 
54.606285 	 0.240068 
54.629559 	 0.239684 
54.652831 	 0.239301 
54.676102 	 0.238919 
54.699371 	 0.238538 
54.722639 	 0.238157 
54.745905 	 0.237777 
54.769169 	 0.237398 
54.792432 	 0.237019 
54.815693 	 0.236641 
54.838953 	 0.236264 
54.862211 	 0.235888 
54.885467 	 0.235513 
54.908722 	 0.235138 
54.931975 	 0.234764 
54.955227 	 0.234391 
54.978477 	 0.234018 
55.001725 	 0.233646 
55.024972 	 0.233275 
55.048217 	 0.232905 
55.071461 	 0.232535 
55.094703 	 0.232166 
55.117943 	 0.231798 
55.141182 	 0.231430 
55.164420 	 0.231064 
55.187656 	 0.230698 
55.210890 	 0.230332 
55.234123 	 0.229968 
55.257354 	 0.229604 
55.280583 	 0.229240 
55.303811 	 0.228878 
55.327038 	 0.228516 
55.350263 	 0.228155 
55.373486 	 0.227795 
55.396708 	 0.227435 
55.419929 	 0.227076 
55.443147 	 0.226718 
55.466365 	 0.226360 
55.489581 	 0.226003 
55.512795 	 0.225647 
55.536008 	 0.225292 
55.559219 	 0.224937 
55.582429 	 0.224583 
55.605637 	 0.224229 
55.628844 	 0.223876 
55.652049 	 0.223524 
55.675253 	 0.223173 
55.698455 	 0.222822 
55.721655 	 0.222472 
55.744855 	 0.222123 
55.768052 	 0.221774 
55.791249 	 0.221426 
55.814443 	 0.221079 
55.837637 	 0.220732 
55.860828 	 0.220386 
55.884019 	 0.220041 
55.907208 	 0.219696 
55.930395 	 0.219352 
55.953581 	 0.219008 
55.976765 	 0.218666 
55.999948 	 0.218324 
56.023130 	 0.217982 
56.046310 	 0.217641 
56.069489 	 0.217301 
56.092666 	 0.216962 
56.115841 	 0.216623 
56.139016 	 0.216285 
56.162188 	 0.215947 
56.185360 	 0.215610 
56.208530 	 0.215274 
56.231698 	 0.214938 
56.254865 	 0.214603 
56.278031 	 0.214269 
56.301195 	 0.213935 
56.324358 	 0.213602 
56.347519 	 0.213270 
56.370679 	 0.212938 
56.393838 	 0.212606 
56.416995 	 0.212276 
56.440150 	 0.211946 
56.463305 	 0.211616 
56.486457 	 0.211288 
56.509609 	 0.210959 
56.532759 	 0.210632 
56.555908 	 0.210305 
56.579055 	 0.209979 
56.602201 	 0.209653 
56.625345 	 0.209328 
56.648488 	 0.209003 
56.671630 	 0.208679 
56.694770 	 0.208356 
56.717909 	 0.208033 
56.741046 	 0.207711 
56.764183 	 0.207390 
56.787317 	 0.207069 
56.810451 	 0.206749 
56.833583 	 0.206429 
56.856713 	 0.206110 
56.879843 	 0.205791 
56.902971 	 0.205474 
56.926097 	 0.205156 
56.949222 	 0.204839 
56.972346 	 0.204523 
56.995469 	 0.204208 
57.018590 	 0.203893 
57.041710 	 0.203578 
57.064828 	 0.203265 
57.087945 	 0.202952 
57.111061 	 0.202639 
57.134175 	 0.202327 
57.157288 	 0.202015 
57.180400 	 0.201704 
57.203510 	 0.201394 
57.226619 	 0.201084 
57.249727 	 0.200775 
57.272834 	 0.200467 
57.295939 	 0.200159 
57.319042 	 0.199851 
57.342145 	 0.199544 
57.365246 	 0.199238 
57.388346 	 0.198932 
57.411444 	 0.198627 
57.434541 	 0.198323 
57.457637 	 0.198019 
57.480732 	 0.197715 
57.503825 	 0.197412 
57.526917 	 0.197110 
57.550008 	 0.196808 
57.573097 	 0.196507 
57.596185 	 0.196206 
57.619272 	 0.195906 
57.642358 	 0.195607 
57.665442 	 0.195308 
57.688525 	 0.195009 
57.711606 	 0.194711 
57.734687 	 0.194414 
57.757766 	 0.194117 
57.780844 	 0.193821 
57.803920 	 0.193525 
57.826995 	 0.193230 
57.850069 	 0.192936 
57.873142 	 0.192642 
57.896214 	 0.192348 
57.919284 	 0.192055 
57.942353 	 0.191763 
57.965420 	 0.191471 
57.988487 	 0.191180 
58.011552 	 0.190889 
58.034616 	 0.190599 
58.057679 	 0.190309 
58.080740 	 0.190020 
58.103800 	 0.189731 
58.126859 	 0.189443 
58.149917 	 0.189155 
58.172973 	 0.188868 
58.196029 	 0.188582 
58.219083 	 0.188296 
58.242135 	 0.188011 
58.265187 	 0.187726 
58.288237 	 0.187441 
58.311286 	 0.187157 
58.334334 	 0.186874 
58.357381 	 0.186591 
58.380426 	 0.186309 
58.403470 	 0.186027 
58.426513 	 0.185746 
58.449555 	 0.185465 
58.472596 	 0.185185 
58.495635 	 0.184906 
58.518673 	 0.184627 
58.541710 	 0.184348 
58.564746 	 0.184070 
58.587780 	 0.183792 
58.610814 	 0.183515 
58.633846 	 0.183239 
58.656877 	 0.182963 
58.679906 	 0.182687 
58.702935 	 0.182412 
58.725962 	 0.182138 
58.748989 	 0.181864 
58.772014 	 0.181590 
58.795037 	 0.181317 
58.818060 	 0.181045 
58.841081 	 0.180773 
58.864102 	 0.180501 
58.887121 	 0.180230 
58.910139 	 0.179960 
58.933156 	 0.179690 
58.956171 	 0.179421 
58.979186 	 0.179152 
59.002199 	 0.178883 
59.025211 	 0.178615 
59.048222 	 0.178348 
59.071232 	 0.178081 
59.094240 	 0.177815 
59.117248 	 0.177549 
59.140254 	 0.177283 
59.163259 	 0.177018 
59.186263 	 0.176754 
59.209266 	 0.176490 
59.232268 	 0.176226 
59.255268 	 0.175963 
59.278268 	 0.175701 
59.301266 	 0.175439 
59.324263 	 0.175177 
59.347259 	 0.174916 
59.370254 	 0.174656 
59.393248 	 0.174396 
59.416241 	 0.174136 
59.439232 	 0.173877 
59.462223 	 0.173618 
59.485212 	 0.173360 
59.508200 	 0.173103 
59.531187 	 0.172846 
59.554173 	 0.172589 
59.577158 	 0.172333 
59.600141 	 0.172077 
59.623124 	 0.171822 
59.646105 	 0.171567 
59.669086 	 0.171313 
59.692065 	 0.171059 
59.715043 	 0.170805 
59.738020 	 0.170552 
59.760996 	 0.170300 
59.783971 	 0.170048 
59.806944 	 0.169797 
59.829917 	 0.169546 
59.852889 	 0.169295 
59.875859 	 0.169045 
59.898828 	 0.168795 
59.921797 	 0.168546 
59.944764 	 0.168298 
59.967730 	 0.168049 
59.990695 	 0.167802 
