# Parking lot grid. NumEly = about 10; NumElx = 2
40	33
1	0	0	-0	0.016825
2	0	60	-0.096	0.016825
3	0	120	-0.192	0.016825
4	0	180	-0.288	0.016825
5	0	240	-0.384	0.016825
6	0	300	-0.48	0.016825
7	0	360	-0.576	0.016825
8	0	420	-0.672	0.016825
9	0	480	-0.768	0.016825
10	0	540	-0.864	0.016825
11	0	660	-1.056	0.016825
12	0.5	0	-0	0.016825
13	0.5	60	-0.096	0.016825
14	0.5	120	-0.192	0.016825
15	0.5	180	-0.288	0.016825
16	0.5	240	-0.384	0.016825
17	0.5	300	-0.48	0.016825
18	0.5	360	-0.576	0.016825
19	0.5	420	-0.672	0.016825
20	0.5	480	-0.768	0.016825
21	0.5	540	-0.864	0.016825
22	0.5	660	-1.056	0.016825
23	1	0	-0	0.016825
24	1	60	-0.096	0.016825
25	1	120	-0.192	0.016825
26	1	180	-0.288	0.016825
27	1	240	-0.384	0.016825
28	1	300	-0.48	0.016825
29	1	360	-0.576	0.016825
30	1	420	-0.672	0.016825
31	1	480	-0.768	0.016825
32	1	540	-0.864	0.016825
33	1	660	-1.056	0.016825
1	3	4	15	5
2	3	16	5	15
3	3	15	14	25
4	3	23	24	13
5	3	17	28	18
6	3	20	21	10
7	3	20	19	30
8	3	17	7	6
9	3	28	17	27
10	3	29	18	28
11	3	13	14	3
12	3	1	12	2
13	3	26	27	16
14	3	2	13	3
15	3	3	14	4
16	3	16	6	5
17	3	20	10	9
18	3	21	11	10
19	3	19	20	9
20	3	19	29	30
21	3	17	18	7
22	3	18	8	7
23	3	19	9	8
24	3	19	18	29
25	3	19	8	18
26	3	21	22	11
27	3	31	20	30
28	3	21	32	22
29	3	21	20	31
30	3	22	32	33
31	3	21	31	32
32	3	12	23	13
33	3	16	15	26
34	3	4	14	15
35	3	16	17	6
36	3	16	27	17
37	3	2	12	13
38	3	25	26	15
39	3	13	24	14
40	3	24	25	14
