#Channels originally provided (node num, depth, width, m1, m2, Manning's n)
4  
19
379  	4.0		2.0		0.0		0.0		0.0016825
81   	4.0		2.0		0.0		0.0		0.0016825
146  	4.0		2.0		0.0		0.0		0.0016825
203  	4.0		2.0		0.0		0.0		0.0016825
252  	4.0		2.0		0.0		0.0		0.0016825
293  	4.0		2.0		0.0		0.0		0.0016825
326  	4.0		2.0		0.0		0.0		0.0016825
351  	4.0		2.0		0.0		0.0		0.0016825
368  	4.0		2.0		0.0		0.0		0.0016825
377  	4.0		2.0		0.0		0.0		0.0016825
374  	4.0		2.0		0.0		0.0		0.0016825
361  	4.0		2.0		0.0		0.0		0.0016825
340  	4.0		2.0		0.0		0.0		0.0016825
311  	4.0		2.0		0.0		0.0		0.0016825
274  	4.0		2.0		0.0		0.0		0.0016825
229  	4.0		2.0		0.0		0.0		0.0016825
176  	4.0		2.0		0.0		0.0		0.0016825
115  	4.0		2.0		0.0		0.0		0.0016825
51  	4.0		2.0		0.0		0.0		0.0016825
5         	
368		4.0		2.0		0.0		0.0		0.0016825
367		3.0		1.0		0.0		0.0		0.0016825
365		3.0		1.0		0.0		0.0		0.0016825
346		3.0		1.0		0.0		0.0		0.0016825
318		3.0		1.0		0.0		0.0		0.0016825
5           
311		4.0		2.0		0.0		0.0		0.0016825
312		3.0		1.0		0.0		0.0		0.0016825
276		3.0		1.0		0.0		0.0		0.0016825
277		3.0		1.0		0.0		0.0		0.0016825
233		3.0		1.0		0.0		0.0		0.0016825
5  		   	  
311		4.0		2.0		0.0		0.0		0.0016825
310		3.0		1.0		0.0		0.0		0.0016825
272		3.0		1.0		0.0		0.0		0.0016825
271		3.0		1.0		0.0		0.0		0.0016825
225		3.0		1.0		0.0		0.0		0.0016825
# Boundary condition
5
379	0
51	0
318	0
233	0
225	0
