# Second Parking Lot grid. NumElx = 4; NumEly = 150
1200	755
1	0	0	-0	128.59
2	0	0.66667	-0.0033333	128.59
3	0	1.3333	-0.0066667	128.59
4	0	2	-0.01	128.59
5	0	2.6667	-0.013333	128.59
6	0	3.3333	-0.016667	128.59
7	0	4	-0.02	128.59
8	0	4.6667	-0.023333	128.59
9	0	5.3333	-0.026667	128.59
10	0	6	-0.03	128.59
11	0	6.6667	-0.033333	128.59
12	0	7.3333	-0.036667	128.59
13	0	8	-0.04	128.59
14	0	8.6667	-0.043333	128.59
15	0	9.3333	-0.046667	128.59
16	0	10	-0.05	128.59
17	0	10.667	-0.053333	128.59
18	0	11.333	-0.056667	128.59
19	0	12	-0.06	128.59
20	0	12.667	-0.063333	128.59
21	0	13.333	-0.066667	128.59
22	0	14	-0.07	128.59
23	0	14.667	-0.073333	128.59
24	0	15.333	-0.076667	128.59
25	0	16	-0.08	128.59
26	0	16.667	-0.083333	128.59
27	0	17.333	-0.086667	128.59
28	0	18	-0.09	128.59
29	0	18.667	-0.093333	128.59
30	0	19.333	-0.096667	128.59
31	0	20	-0.1	128.59
32	0	20.667	-0.10333	128.59
33	0	21.333	-0.10667	128.59
34	0	22	-0.11	128.59
35	0	22.667	-0.11333	128.59
36	0	23.333	-0.11667	128.59
37	0	24	-0.12	128.59
38	0	24.667	-0.12333	128.59
39	0	25.333	-0.12667	128.59
40	0	26	-0.13	128.59
41	0	26.667	-0.13333	128.59
42	0	27.333	-0.13667	128.59
43	0	28	-0.14	128.59
44	0	28.667	-0.14333	128.59
45	0	29.333	-0.14667	128.59
46	0	30	-0.15	128.59
47	0	30.667	-0.15333	128.59
48	0	31.333	-0.15667	128.59
49	0	32	-0.16	128.59
50	0	32.667	-0.16333	128.59
51	0	33.333	-0.16667	128.59
52	0	34	-0.17	128.59
53	0	34.667	-0.17333	128.59
54	0	35.333	-0.17667	128.59
55	0	36	-0.18	128.59
56	0	36.667	-0.18333	128.59
57	0	37.333	-0.18667	128.59
58	0	38	-0.19	128.59
59	0	38.667	-0.19333	128.59
60	0	39.333	-0.19667	128.59
61	0	40	-0.2	128.59
62	0	40.667	-0.20333	128.59
63	0	41.333	-0.20667	128.59
64	0	42	-0.21	128.59
65	0	42.667	-0.21333	128.59
66	0	43.333	-0.21667	128.59
67	0	44	-0.22	128.59
68	0	44.667	-0.22333	128.59
69	0	45.333	-0.22667	128.59
70	0	46	-0.23	128.59
71	0	46.667	-0.23333	128.59
72	0	47.333	-0.23667	128.59
73	0	48	-0.24	128.59
74	0	48.667	-0.24333	128.59
75	0	49.333	-0.24667	128.59
76	0	50	-0.25	128.59
77	0	50.667	-0.25333	128.59
78	0	51.333	-0.25667	128.59
79	0	52	-0.26	128.59
80	0	52.667	-0.26333	128.59
81	0	53.333	-0.26667	128.59
82	0	54	-0.27	128.59
83	0	54.667	-0.27333	128.59
84	0	55.333	-0.27667	128.59
85	0	56	-0.28	128.59
86	0	56.667	-0.28333	128.59
87	0	57.333	-0.28667	128.59
88	0	58	-0.29	128.59
89	0	58.667	-0.29333	128.59
90	0	59.333	-0.29667	128.59
91	0	60	-0.3	128.59
92	0	60.667	-0.30333	128.59
93	0	61.333	-0.30667	128.59
94	0	62	-0.31	128.59
95	0	62.667	-0.31333	128.59
96	0	63.333	-0.31667	128.59
97	0	64	-0.32	128.59
98	0	64.667	-0.32333	128.59
99	0	65.333	-0.32667	128.59
100	0	66	-0.33	128.59
101	0	66.667	-0.33333	128.59
102	0	67.333	-0.33667	128.59
103	0	68	-0.34	128.59
104	0	68.667	-0.34333	128.59
105	0	69.333	-0.34667	128.59
106	0	70	-0.35	128.59
107	0	70.667	-0.35333	128.59
108	0	71.333	-0.35667	128.59
109	0	72	-0.36	128.59
110	0	72.667	-0.36333	128.59
111	0	73.333	-0.36667	128.59
112	0	74	-0.37	128.59
113	0	74.667	-0.37333	128.59
114	0	75.333	-0.37667	128.59
115	0	76	-0.38	128.59
116	0	76.667	-0.38333	128.59
117	0	77.333	-0.38667	128.59
118	0	78	-0.39	128.59
119	0	78.667	-0.39333	128.59
120	0	79.333	-0.39667	128.59
121	0	80	-0.4	128.59
122	0	80.667	-0.40333	128.59
123	0	81.333	-0.40667	128.59
124	0	82	-0.41	128.59
125	0	82.667	-0.41333	128.59
126	0	83.333	-0.41667	128.59
127	0	84	-0.42	128.59
128	0	84.667	-0.42333	128.59
129	0	85.333	-0.42667	128.59
130	0	86	-0.43	128.59
131	0	86.667	-0.43333	128.59
132	0	87.333	-0.43667	128.59
133	0	88	-0.44	128.59
134	0	88.667	-0.44333	128.59
135	0	89.333	-0.44667	128.59
136	0	90	-0.45	128.59
137	0	90.667	-0.45333	128.59
138	0	91.333	-0.45667	128.59
139	0	92	-0.46	128.59
140	0	92.667	-0.46333	128.59
141	0	93.333	-0.46667	128.59
142	0	94	-0.47	128.59
143	0	94.667	-0.47333	128.59
144	0	95.333	-0.47667	128.59
145	0	96	-0.48	128.59
146	0	96.667	-0.48333	128.59
147	0	97.333	-0.48667	128.59
148	0	98	-0.49	128.59
149	0	98.667	-0.49333	128.59
150	0	99.333	-0.49667	128.59
151	0	100	-0.5	128.59
152	0.25	0	-0	128.59
153	0.25	0.66667	-0.0033333	128.59
154	0.25	1.3333	-0.0066667	128.59
155	0.25	2	-0.01	128.59
156	0.25	2.6667	-0.013333	128.59
157	0.25	3.3333	-0.016667	128.59
158	0.25	4	-0.02	128.59
159	0.25	4.6667	-0.023333	128.59
160	0.25	5.3333	-0.026667	128.59
161	0.25	6	-0.03	128.59
162	0.25	6.6667	-0.033333	128.59
163	0.25	7.3333	-0.036667	128.59
164	0.25	8	-0.04	128.59
165	0.25	8.6667	-0.043333	128.59
166	0.25	9.3333	-0.046667	128.59
167	0.25	10	-0.05	128.59
168	0.25	10.667	-0.053333	128.59
169	0.25	11.333	-0.056667	128.59
170	0.25	12	-0.06	128.59
171	0.25	12.667	-0.063333	128.59
172	0.25	13.333	-0.066667	128.59
173	0.25	14	-0.07	128.59
174	0.25	14.667	-0.073333	128.59
175	0.25	15.333	-0.076667	128.59
176	0.25	16	-0.08	128.59
177	0.25	16.667	-0.083333	128.59
178	0.25	17.333	-0.086667	128.59
179	0.25	18	-0.09	128.59
180	0.25	18.667	-0.093333	128.59
181	0.25	19.333	-0.096667	128.59
182	0.25	20	-0.1	128.59
183	0.25	20.667	-0.10333	128.59
184	0.25	21.333	-0.10667	128.59
185	0.25	22	-0.11	128.59
186	0.25	22.667	-0.11333	128.59
187	0.25	23.333	-0.11667	128.59
188	0.25	24	-0.12	128.59
189	0.25	24.667	-0.12333	128.59
190	0.25	25.333	-0.12667	128.59
191	0.25	26	-0.13	128.59
192	0.25	26.667	-0.13333	128.59
193	0.25	27.333	-0.13667	128.59
194	0.25	28	-0.14	128.59
195	0.25	28.667	-0.14333	128.59
196	0.25	29.333	-0.14667	128.59
197	0.25	30	-0.15	128.59
198	0.25	30.667	-0.15333	128.59
199	0.25	31.333	-0.15667	128.59
200	0.25	32	-0.16	128.59
201	0.25	32.667	-0.16333	128.59
202	0.25	33.333	-0.16667	128.59
203	0.25	34	-0.17	128.59
204	0.25	34.667	-0.17333	128.59
205	0.25	35.333	-0.17667	128.59
206	0.25	36	-0.18	128.59
207	0.25	36.667	-0.18333	128.59
208	0.25	37.333	-0.18667	128.59
209	0.25	38	-0.19	128.59
210	0.25	38.667	-0.19333	128.59
211	0.25	39.333	-0.19667	128.59
212	0.25	40	-0.2	128.59
213	0.25	40.667	-0.20333	128.59
214	0.25	41.333	-0.20667	128.59
215	0.25	42	-0.21	128.59
216	0.25	42.667	-0.21333	128.59
217	0.25	43.333	-0.21667	128.59
218	0.25	44	-0.22	128.59
219	0.25	44.667	-0.22333	128.59
220	0.25	45.333	-0.22667	128.59
221	0.25	46	-0.23	128.59
222	0.25	46.667	-0.23333	128.59
223	0.25	47.333	-0.23667	128.59
224	0.25	48	-0.24	128.59
225	0.25	48.667	-0.24333	128.59
226	0.25	49.333	-0.24667	128.59
227	0.25	50	-0.25	128.59
228	0.25	50.667	-0.25333	128.59
229	0.25	51.333	-0.25667	128.59
230	0.25	52	-0.26	128.59
231	0.25	52.667	-0.26333	128.59
232	0.25	53.333	-0.26667	128.59
233	0.25	54	-0.27	128.59
234	0.25	54.667	-0.27333	128.59
235	0.25	55.333	-0.27667	128.59
236	0.25	56	-0.28	128.59
237	0.25	56.667	-0.28333	128.59
238	0.25	57.333	-0.28667	128.59
239	0.25	58	-0.29	128.59
240	0.25	58.667	-0.29333	128.59
241	0.25	59.333	-0.29667	128.59
242	0.25	60	-0.3	128.59
243	0.25	60.667	-0.30333	128.59
244	0.25	61.333	-0.30667	128.59
245	0.25	62	-0.31	128.59
246	0.25	62.667	-0.31333	128.59
247	0.25	63.333	-0.31667	128.59
248	0.25	64	-0.32	128.59
249	0.25	64.667	-0.32333	128.59
250	0.25	65.333	-0.32667	128.59
251	0.25	66	-0.33	128.59
252	0.25	66.667	-0.33333	128.59
253	0.25	67.333	-0.33667	128.59
254	0.25	68	-0.34	128.59
255	0.25	68.667	-0.34333	128.59
256	0.25	69.333	-0.34667	128.59
257	0.25	70	-0.35	128.59
258	0.25	70.667	-0.35333	128.59
259	0.25	71.333	-0.35667	128.59
260	0.25	72	-0.36	128.59
261	0.25	72.667	-0.36333	128.59
262	0.25	73.333	-0.36667	128.59
263	0.25	74	-0.37	128.59
264	0.25	74.667	-0.37333	128.59
265	0.25	75.333	-0.37667	128.59
266	0.25	76	-0.38	128.59
267	0.25	76.667	-0.38333	128.59
268	0.25	77.333	-0.38667	128.59
269	0.25	78	-0.39	128.59
270	0.25	78.667	-0.39333	128.59
271	0.25	79.333	-0.39667	128.59
272	0.25	80	-0.4	128.59
273	0.25	80.667	-0.40333	128.59
274	0.25	81.333	-0.40667	128.59
275	0.25	82	-0.41	128.59
276	0.25	82.667	-0.41333	128.59
277	0.25	83.333	-0.41667	128.59
278	0.25	84	-0.42	128.59
279	0.25	84.667	-0.42333	128.59
280	0.25	85.333	-0.42667	128.59
281	0.25	86	-0.43	128.59
282	0.25	86.667	-0.43333	128.59
283	0.25	87.333	-0.43667	128.59
284	0.25	88	-0.44	128.59
285	0.25	88.667	-0.44333	128.59
286	0.25	89.333	-0.44667	128.59
287	0.25	90	-0.45	128.59
288	0.25	90.667	-0.45333	128.59
289	0.25	91.333	-0.45667	128.59
290	0.25	92	-0.46	128.59
291	0.25	92.667	-0.46333	128.59
292	0.25	93.333	-0.46667	128.59
293	0.25	94	-0.47	128.59
294	0.25	94.667	-0.47333	128.59
295	0.25	95.333	-0.47667	128.59
296	0.25	96	-0.48	128.59
297	0.25	96.667	-0.48333	128.59
298	0.25	97.333	-0.48667	128.59
299	0.25	98	-0.49	128.59
300	0.25	98.667	-0.49333	128.59
301	0.25	99.333	-0.49667	128.59
302	0.25	100	-0.5	128.59
303	0.5	0	-0	128.59
304	0.5	0.66667	-0.0033333	128.59
305	0.5	1.3333	-0.0066667	128.59
306	0.5	2	-0.01	128.59
307	0.5	2.6667	-0.013333	128.59
308	0.5	3.3333	-0.016667	128.59
309	0.5	4	-0.02	128.59
310	0.5	4.6667	-0.023333	128.59
311	0.5	5.3333	-0.026667	128.59
312	0.5	6	-0.03	128.59
313	0.5	6.6667	-0.033333	128.59
314	0.5	7.3333	-0.036667	128.59
315	0.5	8	-0.04	128.59
316	0.5	8.6667	-0.043333	128.59
317	0.5	9.3333	-0.046667	128.59
318	0.5	10	-0.05	128.59
319	0.5	10.667	-0.053333	128.59
320	0.5	11.333	-0.056667	128.59
321	0.5	12	-0.06	128.59
322	0.5	12.667	-0.063333	128.59
323	0.5	13.333	-0.066667	128.59
324	0.5	14	-0.07	128.59
325	0.5	14.667	-0.073333	128.59
326	0.5	15.333	-0.076667	128.59
327	0.5	16	-0.08	128.59
328	0.5	16.667	-0.083333	128.59
329	0.5	17.333	-0.086667	128.59
330	0.5	18	-0.09	128.59
331	0.5	18.667	-0.093333	128.59
332	0.5	19.333	-0.096667	128.59
333	0.5	20	-0.1	128.59
334	0.5	20.667	-0.10333	128.59
335	0.5	21.333	-0.10667	128.59
336	0.5	22	-0.11	128.59
337	0.5	22.667	-0.11333	128.59
338	0.5	23.333	-0.11667	128.59
339	0.5	24	-0.12	128.59
340	0.5	24.667	-0.12333	128.59
341	0.5	25.333	-0.12667	128.59
342	0.5	26	-0.13	128.59
343	0.5	26.667	-0.13333	128.59
344	0.5	27.333	-0.13667	128.59
345	0.5	28	-0.14	128.59
346	0.5	28.667	-0.14333	128.59
347	0.5	29.333	-0.14667	128.59
348	0.5	30	-0.15	128.59
349	0.5	30.667	-0.15333	128.59
350	0.5	31.333	-0.15667	128.59
351	0.5	32	-0.16	128.59
352	0.5	32.667	-0.16333	128.59
353	0.5	33.333	-0.16667	128.59
354	0.5	34	-0.17	128.59
355	0.5	34.667	-0.17333	128.59
356	0.5	35.333	-0.17667	128.59
357	0.5	36	-0.18	128.59
358	0.5	36.667	-0.18333	128.59
359	0.5	37.333	-0.18667	128.59
360	0.5	38	-0.19	128.59
361	0.5	38.667	-0.19333	128.59
362	0.5	39.333	-0.19667	128.59
363	0.5	40	-0.2	128.59
364	0.5	40.667	-0.20333	128.59
365	0.5	41.333	-0.20667	128.59
366	0.5	42	-0.21	128.59
367	0.5	42.667	-0.21333	128.59
368	0.5	43.333	-0.21667	128.59
369	0.5	44	-0.22	128.59
370	0.5	44.667	-0.22333	128.59
371	0.5	45.333	-0.22667	128.59
372	0.5	46	-0.23	128.59
373	0.5	46.667	-0.23333	128.59
374	0.5	47.333	-0.23667	128.59
375	0.5	48	-0.24	128.59
376	0.5	48.667	-0.24333	128.59
377	0.5	49.333	-0.24667	128.59
378	0.5	50	-0.25	128.59
379	0.5	50.667	-0.25333	128.59
380	0.5	51.333	-0.25667	128.59
381	0.5	52	-0.26	128.59
382	0.5	52.667	-0.26333	128.59
383	0.5	53.333	-0.26667	128.59
384	0.5	54	-0.27	128.59
385	0.5	54.667	-0.27333	128.59
386	0.5	55.333	-0.27667	128.59
387	0.5	56	-0.28	128.59
388	0.5	56.667	-0.28333	128.59
389	0.5	57.333	-0.28667	128.59
390	0.5	58	-0.29	128.59
391	0.5	58.667	-0.29333	128.59
392	0.5	59.333	-0.29667	128.59
393	0.5	60	-0.3	128.59
394	0.5	60.667	-0.30333	128.59
395	0.5	61.333	-0.30667	128.59
396	0.5	62	-0.31	128.59
397	0.5	62.667	-0.31333	128.59
398	0.5	63.333	-0.31667	128.59
399	0.5	64	-0.32	128.59
400	0.5	64.667	-0.32333	128.59
401	0.5	65.333	-0.32667	128.59
402	0.5	66	-0.33	128.59
403	0.5	66.667	-0.33333	128.59
404	0.5	67.333	-0.33667	128.59
405	0.5	68	-0.34	128.59
406	0.5	68.667	-0.34333	128.59
407	0.5	69.333	-0.34667	128.59
408	0.5	70	-0.35	128.59
409	0.5	70.667	-0.35333	128.59
410	0.5	71.333	-0.35667	128.59
411	0.5	72	-0.36	128.59
412	0.5	72.667	-0.36333	128.59
413	0.5	73.333	-0.36667	128.59
414	0.5	74	-0.37	128.59
415	0.5	74.667	-0.37333	128.59
416	0.5	75.333	-0.37667	128.59
417	0.5	76	-0.38	128.59
418	0.5	76.667	-0.38333	128.59
419	0.5	77.333	-0.38667	128.59
420	0.5	78	-0.39	128.59
421	0.5	78.667	-0.39333	128.59
422	0.5	79.333	-0.39667	128.59
423	0.5	80	-0.4	128.59
424	0.5	80.667	-0.40333	128.59
425	0.5	81.333	-0.40667	128.59
426	0.5	82	-0.41	128.59
427	0.5	82.667	-0.41333	128.59
428	0.5	83.333	-0.41667	128.59
429	0.5	84	-0.42	128.59
430	0.5	84.667	-0.42333	128.59
431	0.5	85.333	-0.42667	128.59
432	0.5	86	-0.43	128.59
433	0.5	86.667	-0.43333	128.59
434	0.5	87.333	-0.43667	128.59
435	0.5	88	-0.44	128.59
436	0.5	88.667	-0.44333	128.59
437	0.5	89.333	-0.44667	128.59
438	0.5	90	-0.45	128.59
439	0.5	90.667	-0.45333	128.59
440	0.5	91.333	-0.45667	128.59
441	0.5	92	-0.46	128.59
442	0.5	92.667	-0.46333	128.59
443	0.5	93.333	-0.46667	128.59
444	0.5	94	-0.47	128.59
445	0.5	94.667	-0.47333	128.59
446	0.5	95.333	-0.47667	128.59
447	0.5	96	-0.48	128.59
448	0.5	96.667	-0.48333	128.59
449	0.5	97.333	-0.48667	128.59
450	0.5	98	-0.49	128.59
451	0.5	98.667	-0.49333	128.59
452	0.5	99.333	-0.49667	128.59
453	0.5	100	-0.5	128.59
454	0.75	0	-0	128.59
455	0.75	0.66667	-0.0033333	128.59
456	0.75	1.3333	-0.0066667	128.59
457	0.75	2	-0.01	128.59
458	0.75	2.6667	-0.013333	128.59
459	0.75	3.3333	-0.016667	128.59
460	0.75	4	-0.02	128.59
461	0.75	4.6667	-0.023333	128.59
462	0.75	5.3333	-0.026667	128.59
463	0.75	6	-0.03	128.59
464	0.75	6.6667	-0.033333	128.59
465	0.75	7.3333	-0.036667	128.59
466	0.75	8	-0.04	128.59
467	0.75	8.6667	-0.043333	128.59
468	0.75	9.3333	-0.046667	128.59
469	0.75	10	-0.05	128.59
470	0.75	10.667	-0.053333	128.59
471	0.75	11.333	-0.056667	128.59
472	0.75	12	-0.06	128.59
473	0.75	12.667	-0.063333	128.59
474	0.75	13.333	-0.066667	128.59
475	0.75	14	-0.07	128.59
476	0.75	14.667	-0.073333	128.59
477	0.75	15.333	-0.076667	128.59
478	0.75	16	-0.08	128.59
479	0.75	16.667	-0.083333	128.59
480	0.75	17.333	-0.086667	128.59
481	0.75	18	-0.09	128.59
482	0.75	18.667	-0.093333	128.59
483	0.75	19.333	-0.096667	128.59
484	0.75	20	-0.1	128.59
485	0.75	20.667	-0.10333	128.59
486	0.75	21.333	-0.10667	128.59
487	0.75	22	-0.11	128.59
488	0.75	22.667	-0.11333	128.59
489	0.75	23.333	-0.11667	128.59
490	0.75	24	-0.12	128.59
491	0.75	24.667	-0.12333	128.59
492	0.75	25.333	-0.12667	128.59
493	0.75	26	-0.13	128.59
494	0.75	26.667	-0.13333	128.59
495	0.75	27.333	-0.13667	128.59
496	0.75	28	-0.14	128.59
497	0.75	28.667	-0.14333	128.59
498	0.75	29.333	-0.14667	128.59
499	0.75	30	-0.15	128.59
500	0.75	30.667	-0.15333	128.59
501	0.75	31.333	-0.15667	128.59
502	0.75	32	-0.16	128.59
503	0.75	32.667	-0.16333	128.59
504	0.75	33.333	-0.16667	128.59
505	0.75	34	-0.17	128.59
506	0.75	34.667	-0.17333	128.59
507	0.75	35.333	-0.17667	128.59
508	0.75	36	-0.18	128.59
509	0.75	36.667	-0.18333	128.59
510	0.75	37.333	-0.18667	128.59
511	0.75	38	-0.19	128.59
512	0.75	38.667	-0.19333	128.59
513	0.75	39.333	-0.19667	128.59
514	0.75	40	-0.2	128.59
515	0.75	40.667	-0.20333	128.59
516	0.75	41.333	-0.20667	128.59
517	0.75	42	-0.21	128.59
518	0.75	42.667	-0.21333	128.59
519	0.75	43.333	-0.21667	128.59
520	0.75	44	-0.22	128.59
521	0.75	44.667	-0.22333	128.59
522	0.75	45.333	-0.22667	128.59
523	0.75	46	-0.23	128.59
524	0.75	46.667	-0.23333	128.59
525	0.75	47.333	-0.23667	128.59
526	0.75	48	-0.24	128.59
527	0.75	48.667	-0.24333	128.59
528	0.75	49.333	-0.24667	128.59
529	0.75	50	-0.25	128.59
530	0.75	50.667	-0.25333	128.59
531	0.75	51.333	-0.25667	128.59
532	0.75	52	-0.26	128.59
533	0.75	52.667	-0.26333	128.59
534	0.75	53.333	-0.26667	128.59
535	0.75	54	-0.27	128.59
536	0.75	54.667	-0.27333	128.59
537	0.75	55.333	-0.27667	128.59
538	0.75	56	-0.28	128.59
539	0.75	56.667	-0.28333	128.59
540	0.75	57.333	-0.28667	128.59
541	0.75	58	-0.29	128.59
542	0.75	58.667	-0.29333	128.59
543	0.75	59.333	-0.29667	128.59
544	0.75	60	-0.3	128.59
545	0.75	60.667	-0.30333	128.59
546	0.75	61.333	-0.30667	128.59
547	0.75	62	-0.31	128.59
548	0.75	62.667	-0.31333	128.59
549	0.75	63.333	-0.31667	128.59
550	0.75	64	-0.32	128.59
551	0.75	64.667	-0.32333	128.59
552	0.75	65.333	-0.32667	128.59
553	0.75	66	-0.33	128.59
554	0.75	66.667	-0.33333	128.59
555	0.75	67.333	-0.33667	128.59
556	0.75	68	-0.34	128.59
557	0.75	68.667	-0.34333	128.59
558	0.75	69.333	-0.34667	128.59
559	0.75	70	-0.35	128.59
560	0.75	70.667	-0.35333	128.59
561	0.75	71.333	-0.35667	128.59
562	0.75	72	-0.36	128.59
563	0.75	72.667	-0.36333	128.59
564	0.75	73.333	-0.36667	128.59
565	0.75	74	-0.37	128.59
566	0.75	74.667	-0.37333	128.59
567	0.75	75.333	-0.37667	128.59
568	0.75	76	-0.38	128.59
569	0.75	76.667	-0.38333	128.59
570	0.75	77.333	-0.38667	128.59
571	0.75	78	-0.39	128.59
572	0.75	78.667	-0.39333	128.59
573	0.75	79.333	-0.39667	128.59
574	0.75	80	-0.4	128.59
575	0.75	80.667	-0.40333	128.59
576	0.75	81.333	-0.40667	128.59
577	0.75	82	-0.41	128.59
578	0.75	82.667	-0.41333	128.59
579	0.75	83.333	-0.41667	128.59
580	0.75	84	-0.42	128.59
581	0.75	84.667	-0.42333	128.59
582	0.75	85.333	-0.42667	128.59
583	0.75	86	-0.43	128.59
584	0.75	86.667	-0.43333	128.59
585	0.75	87.333	-0.43667	128.59
586	0.75	88	-0.44	128.59
587	0.75	88.667	-0.44333	128.59
588	0.75	89.333	-0.44667	128.59
589	0.75	90	-0.45	128.59
590	0.75	90.667	-0.45333	128.59
591	0.75	91.333	-0.45667	128.59
592	0.75	92	-0.46	128.59
593	0.75	92.667	-0.46333	128.59
594	0.75	93.333	-0.46667	128.59
595	0.75	94	-0.47	128.59
596	0.75	94.667	-0.47333	128.59
597	0.75	95.333	-0.47667	128.59
598	0.75	96	-0.48	128.59
599	0.75	96.667	-0.48333	128.59
600	0.75	97.333	-0.48667	128.59
601	0.75	98	-0.49	128.59
602	0.75	98.667	-0.49333	128.59
603	0.75	99.333	-0.49667	128.59
604	0.75	100	-0.5	128.59
605	1	0	-0	128.59
606	1	0.66667	-0.0033333	128.59
607	1	1.3333	-0.0066667	128.59
608	1	2	-0.01	128.59
609	1	2.6667	-0.013333	128.59
610	1	3.3333	-0.016667	128.59
611	1	4	-0.02	128.59
612	1	4.6667	-0.023333	128.59
613	1	5.3333	-0.026667	128.59
614	1	6	-0.03	128.59
615	1	6.6667	-0.033333	128.59
616	1	7.3333	-0.036667	128.59
617	1	8	-0.04	128.59
618	1	8.6667	-0.043333	128.59
619	1	9.3333	-0.046667	128.59
620	1	10	-0.05	128.59
621	1	10.667	-0.053333	128.59
622	1	11.333	-0.056667	128.59
623	1	12	-0.06	128.59
624	1	12.667	-0.063333	128.59
625	1	13.333	-0.066667	128.59
626	1	14	-0.07	128.59
627	1	14.667	-0.073333	128.59
628	1	15.333	-0.076667	128.59
629	1	16	-0.08	128.59
630	1	16.667	-0.083333	128.59
631	1	17.333	-0.086667	128.59
632	1	18	-0.09	128.59
633	1	18.667	-0.093333	128.59
634	1	19.333	-0.096667	128.59
635	1	20	-0.1	128.59
636	1	20.667	-0.10333	128.59
637	1	21.333	-0.10667	128.59
638	1	22	-0.11	128.59
639	1	22.667	-0.11333	128.59
640	1	23.333	-0.11667	128.59
641	1	24	-0.12	128.59
642	1	24.667	-0.12333	128.59
643	1	25.333	-0.12667	128.59
644	1	26	-0.13	128.59
645	1	26.667	-0.13333	128.59
646	1	27.333	-0.13667	128.59
647	1	28	-0.14	128.59
648	1	28.667	-0.14333	128.59
649	1	29.333	-0.14667	128.59
650	1	30	-0.15	128.59
651	1	30.667	-0.15333	128.59
652	1	31.333	-0.15667	128.59
653	1	32	-0.16	128.59
654	1	32.667	-0.16333	128.59
655	1	33.333	-0.16667	128.59
656	1	34	-0.17	128.59
657	1	34.667	-0.17333	128.59
658	1	35.333	-0.17667	128.59
659	1	36	-0.18	128.59
660	1	36.667	-0.18333	128.59
661	1	37.333	-0.18667	128.59
662	1	38	-0.19	128.59
663	1	38.667	-0.19333	128.59
664	1	39.333	-0.19667	128.59
665	1	40	-0.2	128.59
666	1	40.667	-0.20333	128.59
667	1	41.333	-0.20667	128.59
668	1	42	-0.21	128.59
669	1	42.667	-0.21333	128.59
670	1	43.333	-0.21667	128.59
671	1	44	-0.22	128.59
672	1	44.667	-0.22333	128.59
673	1	45.333	-0.22667	128.59
674	1	46	-0.23	128.59
675	1	46.667	-0.23333	128.59
676	1	47.333	-0.23667	128.59
677	1	48	-0.24	128.59
678	1	48.667	-0.24333	128.59
679	1	49.333	-0.24667	128.59
680	1	50	-0.25	128.59
681	1	50.667	-0.25333	128.59
682	1	51.333	-0.25667	128.59
683	1	52	-0.26	128.59
684	1	52.667	-0.26333	128.59
685	1	53.333	-0.26667	128.59
686	1	54	-0.27	128.59
687	1	54.667	-0.27333	128.59
688	1	55.333	-0.27667	128.59
689	1	56	-0.28	128.59
690	1	56.667	-0.28333	128.59
691	1	57.333	-0.28667	128.59
692	1	58	-0.29	128.59
693	1	58.667	-0.29333	128.59
694	1	59.333	-0.29667	128.59
695	1	60	-0.3	128.59
696	1	60.667	-0.30333	128.59
697	1	61.333	-0.30667	128.59
698	1	62	-0.31	128.59
699	1	62.667	-0.31333	128.59
700	1	63.333	-0.31667	128.59
701	1	64	-0.32	128.59
702	1	64.667	-0.32333	128.59
703	1	65.333	-0.32667	128.59
704	1	66	-0.33	128.59
705	1	66.667	-0.33333	128.59
706	1	67.333	-0.33667	128.59
707	1	68	-0.34	128.59
708	1	68.667	-0.34333	128.59
709	1	69.333	-0.34667	128.59
710	1	70	-0.35	128.59
711	1	70.667	-0.35333	128.59
712	1	71.333	-0.35667	128.59
713	1	72	-0.36	128.59
714	1	72.667	-0.36333	128.59
715	1	73.333	-0.36667	128.59
716	1	74	-0.37	128.59
717	1	74.667	-0.37333	128.59
718	1	75.333	-0.37667	128.59
719	1	76	-0.38	128.59
720	1	76.667	-0.38333	128.59
721	1	77.333	-0.38667	128.59
722	1	78	-0.39	128.59
723	1	78.667	-0.39333	128.59
724	1	79.333	-0.39667	128.59
725	1	80	-0.4	128.59
726	1	80.667	-0.40333	128.59
727	1	81.333	-0.40667	128.59
728	1	82	-0.41	128.59
729	1	82.667	-0.41333	128.59
730	1	83.333	-0.41667	128.59
731	1	84	-0.42	128.59
732	1	84.667	-0.42333	128.59
733	1	85.333	-0.42667	128.59
734	1	86	-0.43	128.59
735	1	86.667	-0.43333	128.59
736	1	87.333	-0.43667	128.59
737	1	88	-0.44	128.59
738	1	88.667	-0.44333	128.59
739	1	89.333	-0.44667	128.59
740	1	90	-0.45	128.59
741	1	90.667	-0.45333	128.59
742	1	91.333	-0.45667	128.59
743	1	92	-0.46	128.59
744	1	92.667	-0.46333	128.59
745	1	93.333	-0.46667	128.59
746	1	94	-0.47	128.59
747	1	94.667	-0.47333	128.59
748	1	95.333	-0.47667	128.59
749	1	96	-0.48	128.59
750	1	96.667	-0.48333	128.59
751	1	97.333	-0.48667	128.59
752	1	98	-0.49	128.59
753	1	98.667	-0.49333	128.59
754	1	99.333	-0.49667	128.59
755	1	100	-0.5	128.59
1	3	355	505	506
2	3	339	188	338
3	3	282	131	281
4	3	288	138	137
5	3	386	537	387
6	3	407	257	256
7	3	375	525	526
8	3	156	307	157
9	3	168	319	169
10	3	470	469	620
11	3	173	324	174
12	3	18	168	169
13	3	475	476	325
14	3	68	67	218
15	3	348	198	197
16	3	349	499	500
17	3	367	518	368
18	3	348	347	498
19	3	39	190	40
20	3	351	350	501
21	3	78	229	79
22	3	256	257	106
23	3	82	81	232
24	3	588	738	739
25	3	284	134	133
26	3	548	398	397
27	3	551	702	552
28	3	253	254	103
29	3	245	246	95
30	3	235	386	236
31	3	205	54	204
32	3	515	666	516
33	3	218	369	219
34	3	368	217	367
35	3	228	378	379
36	3	390	391	240
37	3	402	553	403
38	3	265	415	416
39	3	549	550	399
40	3	554	705	555
41	3	390	541	391
42	3	693	543	542
43	3	475	626	476
44	3	497	498	347
45	3	646	496	495
46	3	502	653	503
47	3	57	208	58
48	3	454	304	303
49	3	318	469	319
50	3	323	474	324
51	3	485	484	635
52	3	477	326	476
53	3	634	484	483
54	3	312	463	313
55	3	460	611	461
56	3	174	24	23
57	3	19	170	20
58	3	484	485	334
59	3	468	317	467
60	3	169	19	18
61	3	321	471	472
62	3	163	12	162
63	3	17	167	168
64	3	171	172	21
65	3	323	473	474
66	3	163	13	12
67	3	8	7	158
68	3	467	317	316
69	3	29	180	30
70	3	182	31	181
71	3	182	333	183
72	3	487	638	488
73	3	22	173	23
74	3	172	323	173
75	3	173	174	23
76	3	325	326	175
77	3	174	175	24
78	3	30	180	181
79	3	187	188	37
80	3	39	189	190
81	3	653	654	503
82	3	37	36	187
83	3	651	501	500
84	3	208	359	209
85	3	369	520	370
86	3	668	517	667
87	3	370	521	371
88	3	526	527	376
89	3	360	209	359
90	3	360	361	210
91	3	519	520	369
92	3	368	369	218
93	3	219	370	220
94	3	519	518	669
95	3	658	507	657
96	3	371	522	372
97	3	335	485	486
98	3	341	191	190
99	3	206	356	357
100	3	209	59	58
101	3	61	212	62
102	3	222	71	221
103	3	241	90	240
104	3	225	74	224
105	3	245	95	94
106	3	264	114	113
107	3	268	418	419
108	3	421	572	422
109	3	251	402	252
110	3	106	105	256
111	3	294	293	444
112	3	136	287	137
113	3	296	297	146
114	3	603	602	753
115	3	279	129	128
116	3	276	125	275
117	3	270	120	119
118	3	274	425	275
119	3	278	279	128
120	3	255	104	254
121	3	103	102	253
122	3	123	274	124
123	3	273	424	274
124	3	295	296	145
125	3	447	598	448
126	3	297	448	298
127	3	448	297	447
128	3	294	444	445
129	3	596	446	445
130	3	300	149	299
131	3	297	296	447
132	3	548	397	547
133	3	397	247	246
134	3	554	404	403
135	3	555	556	405
136	3	424	425	274
137	3	422	272	271
138	3	389	390	239
139	3	542	543	392
140	3	542	392	391
141	3	394	243	393
142	3	240	391	241
143	3	392	543	393
144	3	392	393	242
145	3	544	695	545
146	3	375	225	224
147	3	229	380	230
148	3	538	689	539
149	3	234	83	233
150	3	81	80	231
151	3	526	677	527
152	3	527	528	377
153	3	238	389	239
154	3	389	540	390
155	3	227	378	228
156	3	530	681	531
157	3	231	381	382
158	3	530	529	680
159	3	376	527	377
160	3	529	530	379
161	3	679	529	528
162	3	681	682	531
163	3	690	539	689
164	3	697	698	547
165	3	394	544	545
166	3	698	548	547
167	3	383	534	384
168	3	385	384	535
169	3	388	539	389
170	3	692	693	542
171	3	420	570	571
172	3	572	723	573
173	3	435	284	434
174	3	283	132	282
175	3	587	436	586
176	3	585	434	584
177	3	602	451	601
178	3	117	116	267
179	3	723	724	573
180	3	426	577	427
181	3	121	272	122
182	3	398	248	247
183	3	552	702	703
184	3	403	253	252
185	3	565	414	564
186	3	266	116	115
187	3	568	567	718
188	3	415	265	264
189	3	420	571	421
190	3	570	569	720
191	3	732	581	731
192	3	576	577	426
193	3	750	599	749
194	3	596	595	746
195	3	593	442	592
196	3	289	139	138
197	3	601	752	602
198	3	748	598	597
199	3	422	572	573
200	3	575	576	425
201	3	726	576	575
202	3	574	573	724
203	3	436	285	435
204	3	434	283	433
205	3	405	556	406
206	3	563	564	413
207	3	401	552	402
208	3	705	706	555
209	3	409	560	410
210	3	717	567	566
211	3	686	687	536
212	3	695	696	545
213	3	391	541	542
214	3	546	697	547
215	3	701	550	700
216	3	528	678	679
217	3	651	652	501
218	3	513	363	362
219	3	210	59	209
220	3	202	353	203
221	3	655	656	505
222	3	204	354	355
223	3	658	659	508
224	3	356	507	357
225	3	508	659	509
226	3	375	526	376
227	3	678	528	527
228	3	518	367	517
229	3	518	519	368
230	3	670	520	519
231	3	671	520	670
232	3	671	672	521
233	3	523	524	373
234	3	221	70	220
235	3	73	223	224
236	3	673	523	522
237	3	509	660	510
238	3	512	513	362
239	3	361	362	211
240	3	216	366	367
241	3	517	668	518
242	3	500	501	350
243	3	652	653	502
244	3	215	365	366
245	3	214	213	364
246	3	185	335	336
247	3	187	338	188
248	3	35	186	36
249	3	194	43	193
250	3	174	325	175
251	3	332	483	333
252	3	183	334	184
253	3	183	32	182
254	3	153	304	154
255	3	165	164	315
256	3	6	156	157
257	3	161	11	10
258	3	462	312	311
259	3	20	170	171
260	3	625	626	475
261	3	325	476	326
262	3	637	638	487
263	3	617	467	466
264	3	330	179	329
265	3	185	184	335
266	3	485	636	486
267	3	642	643	492
268	3	643	644	493
269	3	470	471	320
270	3	632	481	631
271	3	463	464	313
272	3	613	614	463
273	3	620	469	619
274	3	154	155	4
275	3	152	2	1
276	3	153	3	2
277	3	155	156	5
278	3	162	161	312
279	3	164	14	13
280	3	161	160	311
281	3	162	12	11
282	3	313	464	314
283	3	184	34	33
284	3	185	35	34
285	3	187	337	338
286	3	189	39	38
287	3	191	41	40
288	3	495	344	494
289	3	38	37	188
290	3	189	38	188
291	3	165	166	15
292	3	181	31	30
293	3	182	32	31
294	3	183	33	32
295	3	171	21	20
296	3	172	173	22
297	3	21	172	22
298	3	327	326	477
299	3	177	26	176
300	3	190	191	40
301	3	493	644	494
302	3	191	192	41
303	3	495	494	645
304	3	175	25	24
305	3	175	326	176
306	3	27	178	28
307	3	29	179	180
308	3	9	160	10
309	3	469	318	468
310	3	15	14	165
311	3	166	16	15
312	3	167	17	16
313	3	168	18	17
314	3	156	6	5
315	3	157	7	6
316	3	161	311	312
317	3	4	155	5
318	3	308	459	309
319	3	157	158	7
320	3	157	308	158
321	3	8	159	9
322	3	9	159	160
323	3	303	304	153
324	3	313	162	312
325	3	10	160	161
326	3	163	162	313
327	3	11	161	162
328	3	166	167	16
329	3	317	468	318
330	3	164	165	14
331	3	316	166	165
332	3	171	170	321
333	3	19	169	170
334	3	314	163	313
335	3	164	13	163
336	3	314	164	163
337	3	315	316	165
338	3	152	153	2
339	3	152	303	153
340	3	3	154	4
341	3	306	307	156
342	3	153	154	3
343	3	305	155	154
344	3	304	305	154
345	3	459	610	460
346	3	465	314	464
347	3	315	164	314
348	3	320	169	319
349	3	168	167	318
350	3	160	159	310
351	3	8	158	159
352	3	155	306	156
353	3	306	305	456
354	3	307	308	157
355	3	307	458	308
356	3	183	184	33
357	3	335	486	336
358	3	331	330	481
359	3	27	26	177
360	3	322	321	472
361	3	170	169	320
362	3	480	481	330
363	3	178	27	177
364	3	341	340	491
365	3	490	339	489
366	3	191	342	192
367	3	192	342	343
368	3	339	189	188
369	3	340	190	189
370	3	334	335	184
371	3	334	485	335
372	3	487	337	336
373	3	488	338	337
374	3	337	186	336
375	3	34	184	185
376	3	185	186	35
377	3	185	336	186
378	3	178	177	328
379	3	26	25	176
380	3	181	180	331
381	3	29	28	179
382	3	177	176	327
383	3	25	175	176
384	3	479	329	328
385	3	179	28	178
386	3	329	179	178
387	3	330	180	179
388	3	332	182	181
389	3	333	334	183
390	3	186	187	36
391	3	186	337	187
392	3	47	46	197
393	3	196	347	197
394	3	199	198	349
395	3	198	348	349
396	3	199	200	49
397	3	201	202	51
398	3	513	514	363
399	3	514	664	665
400	3	210	211	60
401	3	362	212	211
402	3	514	364	363
403	3	62	212	213
404	3	351	502	352
405	3	356	206	205
406	3	54	53	204
407	3	352	202	201
408	3	352	353	202
409	3	504	354	353
410	3	344	345	194
411	3	343	193	192
412	3	196	346	347
413	3	195	194	345
414	3	208	358	359
415	3	509	659	660
416	3	511	512	361
417	3	512	362	361
418	3	206	207	56
419	3	206	357	207
420	3	353	354	203
421	3	505	656	506
422	3	356	355	506
423	3	354	505	355
424	3	516	365	515
425	3	216	367	217
426	3	673	674	523
427	3	372	222	221
428	3	516	366	365
429	3	517	367	366
430	3	219	369	370
431	3	368	519	369
432	3	376	377	226
433	3	528	529	378
434	3	530	380	379
435	3	531	381	380
436	3	222	223	72
437	3	525	675	676
438	3	226	227	76
439	3	378	529	379
440	3	377	378	227
441	3	377	528	378
442	3	217	218	67
443	3	217	368	218
444	3	371	221	220
445	3	372	373	222
446	3	64	63	214
447	3	214	365	215
448	3	66	65	216
449	3	215	366	216
450	3	64	214	215
451	3	63	213	214
452	3	69	219	220
453	3	68	218	219
454	3	223	222	373
455	3	71	70	221
456	3	376	226	225
457	3	377	227	226
458	3	227	228	77
459	3	379	380	229
460	3	213	63	62
461	3	215	216	65
462	3	360	210	209
463	3	361	211	210
464	3	211	212	61
465	3	217	66	216
466	3	200	201	50
467	3	207	57	56
468	3	208	209	58
469	3	203	204	53
470	3	203	354	204
471	3	355	205	204
472	3	207	208	57
473	3	207	358	208
474	3	46	196	197
475	3	45	195	196
476	3	200	199	350
477	3	48	198	199
478	3	346	195	345
479	3	42	41	192
480	3	196	195	346
481	3	44	194	195
482	3	43	42	193
483	3	194	193	344
484	3	42	192	193
485	3	44	43	194
486	3	195	45	44
487	3	196	46	45
488	3	197	198	47
489	3	210	60	59
490	3	211	61	60
491	3	65	64	215
492	3	48	47	198
493	3	199	49	48
494	3	200	50	49
495	3	201	51	50
496	3	202	203	52
497	3	202	52	51
498	3	203	53	52
499	3	206	55	205
500	3	205	55	54
501	3	206	56	55
502	3	69	68	219
503	3	72	71	222
504	3	67	66	217
505	3	70	69	220
506	3	227	77	76
507	3	228	379	229
508	3	77	228	78
509	3	223	73	72
510	3	225	226	75
511	3	224	74	73
512	3	225	75	74
513	3	226	76	75
514	3	84	83	234
515	3	235	85	84
516	3	544	394	393
517	3	244	94	93
518	3	245	396	246
519	3	241	91	90
520	3	242	92	91
521	3	242	393	243
522	3	230	80	79
523	3	381	532	382
524	3	236	237	86
525	3	233	82	232
526	3	385	234	384
527	3	83	82	233
528	3	88	238	239
529	3	87	237	238
530	3	390	240	239
531	3	391	392	241
532	3	237	87	86
533	3	238	88	87
534	3	239	240	89
535	3	239	89	88
536	3	240	90	89
537	3	258	259	108
538	3	260	411	261
539	3	107	106	257
540	3	260	410	411
541	3	417	416	567
542	3	118	117	268
543	3	117	267	268
544	3	262	261	412
545	3	413	564	414
546	3	265	416	266
547	3	405	255	254
548	3	408	258	257
549	3	401	251	250
550	3	252	102	101
551	3	549	399	398
552	3	247	97	96
553	3	400	550	551
554	3	250	99	249
555	3	250	100	99
556	3	251	101	100
557	3	104	103	254
558	3	278	429	279
559	3	274	123	273
560	3	277	127	126
561	3	134	284	285
562	3	289	290	139
563	3	290	140	139
564	3	283	434	284
565	3	286	136	135
566	3	291	141	140
567	3	300	150	149
568	3	301	151	150
569	3	297	147	146
570	3	298	148	147
571	3	450	600	601
572	3	292	142	141
573	3	293	294	143
574	3	294	144	143
575	3	295	145	144
576	3	296	146	145
577	3	280	281	130
578	3	281	131	130
579	3	129	280	130
580	3	432	282	281
581	3	282	132	131
582	3	283	133	132
583	3	588	739	589
584	3	291	292	141
585	3	291	442	292
586	3	142	293	143
587	3	445	295	294
588	3	286	285	436
589	3	135	134	285
590	3	438	287	437
591	3	438	439	288
592	3	441	290	440
593	3	291	140	290
594	3	127	278	128
595	3	430	431	280
596	3	281	280	431
597	3	129	279	280
598	3	122	273	123
599	3	275	125	124
600	3	276	126	125
601	3	419	420	269
602	3	119	118	269
603	3	270	119	269
604	3	272	121	271
605	3	573	423	422
606	3	121	120	271
607	3	114	265	115
608	3	417	267	266
609	3	266	267	116
610	3	418	569	419
611	3	112	263	113
612	3	112	111	262
613	3	263	264	113
614	3	565	564	715
615	3	423	272	422
616	3	273	122	272
617	3	274	275	124
618	3	427	428	277
619	3	270	269	420
620	3	118	268	269
621	3	271	270	421
622	3	271	120	270
623	3	292	293	142
624	3	292	443	293
625	3	297	298	147
626	3	449	299	298
627	3	148	299	149
628	3	451	301	300
629	3	151	301	302
630	3	150	300	301
631	3	287	288	137
632	3	439	289	288
633	3	288	289	138
634	3	440	290	289
635	3	277	278	127
636	3	277	428	278
637	3	285	284	435
638	3	133	283	284
639	3	136	286	287
640	3	135	285	286
641	3	433	282	432
642	3	433	283	282
643	3	286	437	287
644	3	286	436	437
645	3	294	295	144
646	3	446	296	295
647	3	300	299	450
648	3	148	298	299
649	3	445	446	295
650	3	598	599	448
651	3	301	452	302
652	3	585	435	434
653	3	586	436	435
654	3	287	438	288
655	3	590	440	439
656	3	444	443	594
657	3	291	290	441
658	3	429	428	579
659	3	277	126	276
660	3	432	431	582
661	3	280	279	430
662	3	431	432	281
663	3	583	433	432
664	3	584	433	583
665	3	584	434	433
666	3	115	265	266
667	3	114	264	265
668	3	425	426	275
669	3	427	277	276
670	3	270	420	421
671	3	269	268	419
672	3	421	422	271
673	3	573	574	423
674	3	272	423	273
675	3	574	575	424
676	3	408	559	409
677	3	410	260	259
678	3	561	411	410
679	3	261	110	260
680	3	701	551	550
681	3	248	97	247
682	3	407	558	408
683	3	410	259	409
684	3	98	249	99
685	3	401	402	251
686	3	250	251	100
687	3	402	403	252
688	3	406	255	405
689	3	105	104	255
690	3	262	413	263
691	3	111	110	261
692	3	263	414	264
693	3	263	413	414
694	3	108	259	109
695	3	108	107	258
696	3	109	260	110
697	3	109	259	260
698	3	562	563	412
699	3	412	413	262
700	3	112	262	263
701	3	111	261	262
702	3	250	249	400
703	3	98	97	248
704	3	251	252	101
705	3	403	404	253
706	3	252	253	102
707	3	404	254	253
708	3	255	256	105
709	3	406	557	407
710	3	257	258	107
711	3	409	259	258
712	3	238	237	388
713	3	86	85	236
714	3	242	241	392
715	3	242	91	241
716	3	398	247	397
717	3	96	95	246
718	3	246	247	96
719	3	398	399	248
720	3	383	233	232
721	3	384	234	233
722	3	234	235	84
723	3	536	687	537
724	3	79	229	230
725	3	78	228	229
726	3	81	231	232
727	3	80	230	231
728	3	388	237	387
729	3	85	235	236
730	3	92	243	93
731	3	92	242	243
732	3	396	245	395
733	3	93	243	244
734	3	244	245	94
735	3	396	397	246
736	3	249	248	399
737	3	249	98	248
738	3	238	388	389
739	3	237	236	387
740	3	244	395	245
741	3	547	397	396
742	3	230	381	231
743	3	230	380	381
744	3	382	383	232
745	3	535	536	385
746	3	386	385	536
747	3	235	234	385
748	3	385	386	235
749	3	537	688	538
750	3	388	387	538
751	3	236	386	387
752	3	696	546	545
753	3	244	243	394
754	3	396	395	546
755	3	244	394	395
756	3	697	546	696
757	3	395	394	545
758	3	396	546	547
759	3	395	545	546
760	3	231	382	232
761	3	535	686	536
762	3	233	383	384
763	3	683	532	682
764	3	382	533	383
765	3	534	685	535
766	3	536	537	386
767	3	688	689	538
768	3	683	533	532
769	3	382	532	533
770	3	384	534	535
771	3	383	533	534
772	3	543	544	393
773	3	543	693	694
774	3	699	548	698
775	3	699	549	548
776	3	388	538	539
777	3	387	537	538
778	3	541	540	691
779	3	389	539	540
780	3	542	541	692
781	3	390	540	541
782	3	404	555	405
783	3	706	707	556
784	3	708	709	558
785	3	411	562	412
786	3	402	552	553
787	3	400	249	399
788	3	553	554	403
789	3	553	703	704
790	3	559	560	409
791	3	718	719	568
792	3	713	563	562
793	3	714	564	563
794	3	557	708	558
795	3	560	561	410
796	3	713	714	563
797	3	561	562	411
798	3	715	716	565
799	3	560	559	710
800	3	404	405	254
801	3	556	557	406
802	3	554	555	404
803	3	706	556	555
804	3	548	549	398
805	3	700	550	549
806	3	401	551	552
807	3	400	399	550
808	3	401	400	551
809	3	401	250	400
810	3	558	407	557
811	3	256	255	406
812	3	406	407	256
813	3	558	559	408
814	3	258	408	409
815	3	257	407	408
816	3	411	412	261
817	3	563	413	412
818	3	416	417	266
819	3	568	569	418
820	3	267	418	268
821	3	570	420	419
822	3	416	415	566
823	3	264	414	415
824	3	417	418	267
825	3	569	570	419
826	3	430	429	580
827	3	278	428	429
828	3	429	430	279
829	3	581	431	430
830	3	424	423	574
831	3	424	273	423
832	3	275	426	276
833	3	425	424	575
834	3	426	427	276
835	3	426	425	576
836	3	592	442	441
837	3	443	292	442
838	3	446	447	296
839	3	446	596	597
840	3	449	448	599
841	3	449	298	448
842	3	302	452	453
843	3	301	451	452
844	3	445	444	595
845	3	293	443	444
846	3	300	450	451
847	3	299	449	450
848	3	589	438	588
849	3	589	439	438
850	3	439	440	289
851	3	440	591	441
852	3	591	592	441
853	3	442	291	441
854	3	583	582	733
855	3	431	581	582
856	3	737	586	736
857	3	737	587	586
858	3	594	595	444
859	3	596	445	595
860	3	446	597	447
861	3	450	601	451
862	3	450	449	600
863	3	452	603	453
864	3	590	741	591
865	3	593	443	442
866	3	746	747	596
867	3	594	443	593
868	3	601	600	751
869	3	449	599	600
870	3	729	579	578
871	3	578	579	428
872	3	728	578	577
873	3	578	428	427
874	3	580	579	730
875	3	580	429	579
876	3	731	580	730
877	3	581	430	580
878	3	566	565	716
879	3	415	414	565
880	3	416	566	567
881	3	415	565	566
882	3	417	568	418
883	3	720	721	570
884	3	571	572	421
885	3	725	726	575
886	3	727	728	577
887	3	582	583	432
888	3	734	584	583
889	3	735	584	734
890	3	735	585	584
891	3	577	578	427
892	3	577	576	727
893	3	731	581	580
894	3	437	588	438
895	3	437	436	587
896	3	740	589	739
897	3	590	439	589
898	3	586	585	736
899	3	586	435	585
900	3	588	587	738
901	3	588	437	587
902	3	592	591	742
903	3	593	743	744
904	3	447	597	598
905	3	596	747	597
906	3	753	602	752
907	3	452	451	602
908	3	453	603	604
909	3	452	602	603
910	3	745	594	744
911	3	599	598	749
912	3	590	591	440
913	3	590	589	740
914	3	592	743	593
915	3	593	744	594
916	3	594	745	595
917	3	745	746	595
918	3	598	748	749
919	3	597	747	748
920	3	603	754	604
921	3	754	755	604
922	3	600	599	750
923	3	601	751	752
924	3	600	750	751
925	3	754	603	753
926	3	736	585	735
927	3	738	587	737
928	3	741	590	740
929	3	592	742	743
930	3	591	741	742
931	3	729	578	728
932	3	730	579	729
933	3	732	582	581
934	3	733	582	732
935	3	734	583	733
936	3	561	711	712
937	3	570	721	571
938	3	559	709	710
939	3	714	715	564
940	3	558	709	559
941	3	560	710	711
942	3	560	711	561
943	3	561	712	562
944	3	712	713	562
945	3	574	725	575
946	3	726	727	576
947	3	571	722	572
948	3	724	725	574
949	3	567	568	417
950	3	719	569	568
951	3	716	717	566
952	3	717	718	567
953	3	719	720	569
954	3	572	722	723
955	3	571	721	722
956	3	687	688	537
957	3	539	690	540
958	3	691	540	690
959	3	543	694	544
960	3	531	682	532
961	3	533	684	534
962	3	684	533	683
963	3	685	534	684
964	3	685	686	535
965	3	691	692	541
966	3	694	695	544
967	3	700	549	699
968	3	702	551	701
969	3	556	707	557
970	3	707	708	557
971	3	552	703	553
972	3	553	704	554
973	3	704	705	554
974	3	664	513	663
975	3	513	664	514
976	3	514	665	515
977	3	519	669	670
978	3	518	668	669
979	3	509	359	358
980	3	510	360	359
981	3	661	511	510
982	3	663	512	662
983	3	499	650	500
984	3	503	654	504
985	3	343	493	494
986	3	645	646	495
987	3	341	491	492
988	3	650	651	500
989	3	654	655	504
990	3	656	657	506
991	3	507	658	508
992	3	496	647	497
993	3	648	649	498
994	3	644	645	494
995	3	648	497	647
996	3	489	640	490
997	3	491	642	492
998	3	343	494	344
999	3	646	647	496
1000	3	346	497	347
1001	3	649	650	499
1002	3	353	503	504
1003	3	352	201	351
1004	3	521	370	520
1005	3	675	524	674
1006	3	671	521	520
1007	3	673	522	672
1008	3	527	677	678
1009	3	524	374	373
1010	3	680	681	530
1011	3	524	525	374
1012	3	677	526	676
1013	3	679	680	529
1014	3	525	524	675
1015	3	373	372	523
1016	3	381	531	532
1017	3	380	530	531
1018	3	360	511	361
1019	3	663	513	512
1020	3	522	521	672
1021	3	522	371	521
1022	3	508	509	358
1023	3	660	661	510
1024	3	509	510	359
1025	3	661	662	511
1026	3	510	511	360
1027	3	662	512	511
1028	3	666	515	665
1029	3	363	212	362
1030	3	667	516	666
1031	3	364	213	363
1032	3	522	523	372
1033	3	674	524	523
1034	3	526	525	676
1035	3	525	375	374
1036	3	223	374	224
1037	3	223	373	374
1038	3	225	375	376
1039	3	224	374	375
1040	3	358	357	508
1041	3	358	207	357
1042	3	515	364	514
1043	3	213	212	363
1044	3	365	364	515
1045	3	365	214	364
1046	3	221	371	372
1047	3	220	370	371
1048	3	517	516	667
1049	3	517	366	516
1050	3	350	349	500
1051	3	350	199	349
1052	3	200	351	201
1053	3	503	353	352
1054	3	350	351	200
1055	3	502	503	352
1056	3	355	356	205
1057	3	507	508	357
1058	3	489	339	338
1059	3	340	189	339
1060	3	340	341	190
1061	3	492	342	341
1062	3	343	342	493
1063	3	191	341	342
1064	3	343	344	193
1065	3	495	345	344
1066	3	349	348	499
1067	3	197	347	348
1068	3	345	496	346
1069	3	648	498	497
1070	3	498	499	348
1071	3	498	649	499
1072	3	501	502	351
1073	3	501	652	502
1074	3	504	505	354
1075	3	504	655	505
1076	3	346	496	497
1077	3	345	495	496
1078	3	506	507	356
1079	3	506	657	507
1080	3	642	491	641
1081	3	340	339	490
1082	3	490	491	340
1083	3	490	641	491
1084	3	492	493	342
1085	3	492	643	493
1086	3	322	472	473
1087	3	321	170	320
1088	3	331	481	482
1089	3	627	477	476
1090	3	622	471	621
1091	3	319	469	470
1092	3	621	471	470
1093	3	622	472	471
1094	3	470	320	319
1095	3	471	321	320
1096	3	618	468	467
1097	3	619	469	468
1098	3	322	473	323
1099	3	473	624	474
1100	3	329	479	480
1101	3	328	177	327
1102	3	330	329	480
1103	3	178	328	329
1104	3	332	331	482
1105	3	180	330	331
1106	3	331	332	181
1107	3	483	484	333
1108	3	332	333	182
1109	3	484	334	333
1110	3	168	318	319
1111	3	167	166	317
1112	3	171	322	172
1113	3	171	321	322
1114	3	173	323	324
1115	3	172	322	323
1116	3	324	325	174
1117	3	324	475	325
1118	3	328	327	478
1119	3	176	326	327
1120	3	158	309	159
1121	3	158	308	309
1122	3	160	310	311
1123	3	159	309	310
1124	3	465	315	314
1125	3	466	316	315
1126	3	167	317	318
1127	3	166	316	317
1128	3	454	455	304
1129	3	305	306	155
1130	3	456	455	606
1131	3	305	304	455
1132	3	306	457	307
1133	3	610	611	460
1134	3	457	458	307
1135	3	458	609	459
1136	3	310	461	311
1137	3	462	613	463
1138	3	462	463	312
1139	3	462	461	612
1140	3	616	617	466
1141	3	466	315	465
1142	3	616	466	465
1143	3	467	316	466
1144	3	309	460	310
1145	3	309	459	460
1146	3	311	461	462
1147	3	310	460	461
1148	3	605	455	454
1149	3	306	456	457
1150	3	305	455	456
1151	3	308	458	459
1152	3	457	456	607
1153	3	457	608	458
1154	3	609	610	459
1155	3	456	606	607
1156	3	458	608	609
1157	3	457	607	608
1158	3	472	623	473
1159	3	624	625	474
1160	3	474	475	324
1161	3	474	625	475
1162	3	614	615	464
1163	3	473	623	624
1164	3	472	622	623
1165	3	332	482	483
1166	3	481	480	631
1167	3	486	487	336
1168	3	486	637	487
1169	3	487	488	337
1170	3	640	641	490
1171	3	488	489	338
1172	3	328	478	479
1173	3	479	630	480
1174	3	631	480	630
1175	3	627	628	477
1176	3	478	327	477
1177	3	628	478	477
1178	3	629	479	478
1179	3	629	478	628
1180	3	630	479	629
1181	3	632	482	481
1182	3	633	482	632
1183	3	488	639	489
1184	3	486	636	637
1185	3	485	635	636
1186	3	489	639	640
1187	3	488	638	639
1188	3	633	483	482
1189	3	634	483	633
1190	3	635	484	634
1191	3	618	467	617
1192	3	619	468	618
1193	3	621	470	620
1194	3	626	627	476
1195	3	606	455	605
1196	3	462	612	613
1197	3	461	611	612
1198	3	463	614	464
1199	3	464	615	465
1200	3	615	616	465
