# Parking Lot grid. NumEly = 150; NumElx =2
600	453
1	0	0	-0	0.016825
2	0	4	-0.0064	0.016825
3	0	8	-0.0128	0.016825
4	0	12	-0.0192	0.016825
5	0	16	-0.0256	0.016825
6	0	20	-0.032	0.016825
7	0	24	-0.0384	0.016825
8	0	28	-0.0448	0.016825
9	0	32	-0.0512	0.016825
10	0	36	-0.0576	0.016825
11	0	40	-0.064	0.016825
12	0	44	-0.0704	0.016825
13	0	48	-0.0768	0.016825
14	0	52	-0.0832	0.016825
15	0	56	-0.0896	0.016825
16	0	60	-0.096	0.016825
17	0	64	-0.1024	0.016825
18	0	68	-0.1088	0.016825
19	0	72	-0.1152	0.016825
20	0	76	-0.1216	0.016825
21	0	80	-0.128	0.016825
22	0	84	-0.1344	0.016825
23	0	88	-0.1408	0.016825
24	0	92	-0.1472	0.016825
25	0	96	-0.1536	0.016825
26	0	100	-0.16	0.016825
27	0	104	-0.1664	0.016825
28	0	108	-0.1728	0.016825
29	0	112	-0.1792	0.016825
30	0	116	-0.1856	0.016825
31	0	120	-0.192	0.016825
32	0	124	-0.1984	0.016825
33	0	128	-0.2048	0.016825
34	0	132	-0.2112	0.016825
35	0	136	-0.2176	0.016825
36	0	140	-0.224	0.016825
37	0	144	-0.2304	0.016825
38	0	148	-0.2368	0.016825
39	0	152	-0.2432	0.016825
40	0	156	-0.2496	0.016825
41	0	160	-0.256	0.016825
42	0	164	-0.2624	0.016825
43	0	168	-0.2688	0.016825
44	0	172	-0.2752	0.016825
45	0	176	-0.2816	0.016825
46	0	180	-0.288	0.016825
47	0	184	-0.2944	0.016825
48	0	188	-0.3008	0.016825
49	0	192	-0.3072	0.016825
50	0	196	-0.3136	0.016825
51	0	200	-0.32	0.016825
52	0	204	-0.3264	0.016825
53	0	208	-0.3328	0.016825
54	0	212	-0.3392	0.016825
55	0	216	-0.3456	0.016825
56	0	220	-0.352	0.016825
57	0	224	-0.3584	0.016825
58	0	228	-0.3648	0.016825
59	0	232	-0.3712	0.016825
60	0	236	-0.3776	0.016825
61	0	240	-0.384	0.016825
62	0	244	-0.3904	0.016825
63	0	248	-0.3968	0.016825
64	0	252	-0.4032	0.016825
65	0	256	-0.4096	0.016825
66	0	260	-0.416	0.016825
67	0	264	-0.4224	0.016825
68	0	268	-0.4288	0.016825
69	0	272	-0.4352	0.016825
70	0	276	-0.4416	0.016825
71	0	280	-0.448	0.016825
72	0	284	-0.4544	0.016825
73	0	288	-0.4608	0.016825
74	0	292	-0.4672	0.016825
75	0	296	-0.4736	0.016825
76	0	300	-0.48	0.016825
77	0	304	-0.4864	0.016825
78	0	308	-0.4928	0.016825
79	0	312	-0.4992	0.016825
80	0	316	-0.5056	0.016825
81	0	320	-0.512	0.016825
82	0	324	-0.5184	0.016825
83	0	328	-0.5248	0.016825
84	0	332	-0.5312	0.016825
85	0	336	-0.5376	0.016825
86	0	340	-0.544	0.016825
87	0	344	-0.5504	0.016825
88	0	348	-0.5568	0.016825
89	0	352	-0.5632	0.016825
90	0	356	-0.5696	0.016825
91	0	360	-0.576	0.016825
92	0	364	-0.5824	0.016825
93	0	368	-0.5888	0.016825
94	0	372	-0.5952	0.016825
95	0	376	-0.6016	0.016825
96	0	380	-0.608	0.016825
97	0	384	-0.6144	0.016825
98	0	388	-0.6208	0.016825
99	0	392	-0.6272	0.016825
100	0	396	-0.6336	0.016825
101	0	400	-0.64	0.016825
102	0	404	-0.6464	0.016825
103	0	408	-0.6528	0.016825
104	0	412	-0.6592	0.016825
105	0	416	-0.6656	0.016825
106	0	420	-0.672	0.016825
107	0	424	-0.6784	0.016825
108	0	428	-0.6848	0.016825
109	0	432	-0.6912	0.016825
110	0	436	-0.6976	0.016825
111	0	440	-0.704	0.016825
112	0	444	-0.7104	0.016825
113	0	448	-0.7168	0.016825
114	0	452	-0.7232	0.016825
115	0	456	-0.7296	0.016825
116	0	460	-0.736	0.016825
117	0	464	-0.7424	0.016825
118	0	468	-0.7488	0.016825
119	0	472	-0.7552	0.016825
120	0	476	-0.7616	0.016825
121	0	480	-0.768	0.016825
122	0	484	-0.7744	0.016825
123	0	488	-0.7808	0.016825
124	0	492	-0.7872	0.016825
125	0	496	-0.7936	0.016825
126	0	500	-0.8	0.016825
127	0	504	-0.8064	0.016825
128	0	508	-0.8128	0.016825
129	0	512	-0.8192	0.016825
130	0	516	-0.8256	0.016825
131	0	520	-0.832	0.016825
132	0	524	-0.8384	0.016825
133	0	528	-0.8448	0.016825
134	0	532	-0.8512	0.016825
135	0	536	-0.8576	0.016825
136	0	540	-0.864	0.016825
137	0	544	-0.8704	0.016825
138	0	548	-0.8768	0.016825
139	0	552	-0.8832	0.016825
140	0	556	-0.8896	0.016825
141	0	560	-0.896	0.016825
142	0	564	-0.9024	0.016825
143	0	568	-0.9088	0.016825
144	0	572	-0.9152	0.016825
145	0	576	-0.9216	0.016825
146	0	580	-0.928	0.016825
147	0	584	-0.9344	0.016825
148	0	588	-0.9408	0.016825
149	0	592	-0.9472	0.016825
150	0	596	-0.9536	0.016825
151	0	600	-0.96	0.016825
152	0.5	0	-0	0.016825
153	0.5	4	-0.0064	0.016825
154	0.5	8	-0.0128	0.016825
155	0.5	12	-0.0192	0.016825
156	0.5	16	-0.0256	0.016825
157	0.5	20	-0.032	0.016825
158	0.5	24	-0.0384	0.016825
159	0.5	28	-0.0448	0.016825
160	0.5	32	-0.0512	0.016825
161	0.5	36	-0.0576	0.016825
162	0.5	40	-0.064	0.016825
163	0.5	44	-0.0704	0.016825
164	0.5	48	-0.0768	0.016825
165	0.5	52	-0.0832	0.016825
166	0.5	56	-0.0896	0.016825
167	0.5	60	-0.096	0.016825
168	0.5	64	-0.1024	0.016825
169	0.5	68	-0.1088	0.016825
170	0.5	72	-0.1152	0.016825
171	0.5	76	-0.1216	0.016825
172	0.5	80	-0.128	0.016825
173	0.5	84	-0.1344	0.016825
174	0.5	88	-0.1408	0.016825
175	0.5	92	-0.1472	0.016825
176	0.5	96	-0.1536	0.016825
177	0.5	100	-0.16	0.016825
178	0.5	104	-0.1664	0.016825
179	0.5	108	-0.1728	0.016825
180	0.5	112	-0.1792	0.016825
181	0.5	116	-0.1856	0.016825
182	0.5	120	-0.192	0.016825
183	0.5	124	-0.1984	0.016825
184	0.5	128	-0.2048	0.016825
185	0.5	132	-0.2112	0.016825
186	0.5	136	-0.2176	0.016825
187	0.5	140	-0.224	0.016825
188	0.5	144	-0.2304	0.016825
189	0.5	148	-0.2368	0.016825
190	0.5	152	-0.2432	0.016825
191	0.5	156	-0.2496	0.016825
192	0.5	160	-0.256	0.016825
193	0.5	164	-0.2624	0.016825
194	0.5	168	-0.2688	0.016825
195	0.5	172	-0.2752	0.016825
196	0.5	176	-0.2816	0.016825
197	0.5	180	-0.288	0.016825
198	0.5	184	-0.2944	0.016825
199	0.5	188	-0.3008	0.016825
200	0.5	192	-0.3072	0.016825
201	0.5	196	-0.3136	0.016825
202	0.5	200	-0.32	0.016825
203	0.5	204	-0.3264	0.016825
204	0.5	208	-0.3328	0.016825
205	0.5	212	-0.3392	0.016825
206	0.5	216	-0.3456	0.016825
207	0.5	220	-0.352	0.016825
208	0.5	224	-0.3584	0.016825
209	0.5	228	-0.3648	0.016825
210	0.5	232	-0.3712	0.016825
211	0.5	236	-0.3776	0.016825
212	0.5	240	-0.384	0.016825
213	0.5	244	-0.3904	0.016825
214	0.5	248	-0.3968	0.016825
215	0.5	252	-0.4032	0.016825
216	0.5	256	-0.4096	0.016825
217	0.5	260	-0.416	0.016825
218	0.5	264	-0.4224	0.016825
219	0.5	268	-0.4288	0.016825
220	0.5	272	-0.4352	0.016825
221	0.5	276	-0.4416	0.016825
222	0.5	280	-0.448	0.016825
223	0.5	284	-0.4544	0.016825
224	0.5	288	-0.4608	0.016825
225	0.5	292	-0.4672	0.016825
226	0.5	296	-0.4736	0.016825
227	0.5	300	-0.48	0.016825
228	0.5	304	-0.4864	0.016825
229	0.5	308	-0.4928	0.016825
230	0.5	312	-0.4992	0.016825
231	0.5	316	-0.5056	0.016825
232	0.5	320	-0.512	0.016825
233	0.5	324	-0.5184	0.016825
234	0.5	328	-0.5248	0.016825
235	0.5	332	-0.5312	0.016825
236	0.5	336	-0.5376	0.016825
237	0.5	340	-0.544	0.016825
238	0.5	344	-0.5504	0.016825
239	0.5	348	-0.5568	0.016825
240	0.5	352	-0.5632	0.016825
241	0.5	356	-0.5696	0.016825
242	0.5	360	-0.576	0.016825
243	0.5	364	-0.5824	0.016825
244	0.5	368	-0.5888	0.016825
245	0.5	372	-0.5952	0.016825
246	0.5	376	-0.6016	0.016825
247	0.5	380	-0.608	0.016825
248	0.5	384	-0.6144	0.016825
249	0.5	388	-0.6208	0.016825
250	0.5	392	-0.6272	0.016825
251	0.5	396	-0.6336	0.016825
252	0.5	400	-0.64	0.016825
253	0.5	404	-0.6464	0.016825
254	0.5	408	-0.6528	0.016825
255	0.5	412	-0.6592	0.016825
256	0.5	416	-0.6656	0.016825
257	0.5	420	-0.672	0.016825
258	0.5	424	-0.6784	0.016825
259	0.5	428	-0.6848	0.016825
260	0.5	432	-0.6912	0.016825
261	0.5	436	-0.6976	0.016825
262	0.5	440	-0.704	0.016825
263	0.5	444	-0.7104	0.016825
264	0.5	448	-0.7168	0.016825
265	0.5	452	-0.7232	0.016825
266	0.5	456	-0.7296	0.016825
267	0.5	460	-0.736	0.016825
268	0.5	464	-0.7424	0.016825
269	0.5	468	-0.7488	0.016825
270	0.5	472	-0.7552	0.016825
271	0.5	476	-0.7616	0.016825
272	0.5	480	-0.768	0.016825
273	0.5	484	-0.7744	0.016825
274	0.5	488	-0.7808	0.016825
275	0.5	492	-0.7872	0.016825
276	0.5	496	-0.7936	0.016825
277	0.5	500	-0.8	0.016825
278	0.5	504	-0.8064	0.016825
279	0.5	508	-0.8128	0.016825
280	0.5	512	-0.8192	0.016825
281	0.5	516	-0.8256	0.016825
282	0.5	520	-0.832	0.016825
283	0.5	524	-0.8384	0.016825
284	0.5	528	-0.8448	0.016825
285	0.5	532	-0.8512	0.016825
286	0.5	536	-0.8576	0.016825
287	0.5	540	-0.864	0.016825
288	0.5	544	-0.8704	0.016825
289	0.5	548	-0.8768	0.016825
290	0.5	552	-0.8832	0.016825
291	0.5	556	-0.8896	0.016825
292	0.5	560	-0.896	0.016825
293	0.5	564	-0.9024	0.016825
294	0.5	568	-0.9088	0.016825
295	0.5	572	-0.9152	0.016825
296	0.5	576	-0.9216	0.016825
297	0.5	580	-0.928	0.016825
298	0.5	584	-0.9344	0.016825
299	0.5	588	-0.9408	0.016825
300	0.5	592	-0.9472	0.016825
301	0.5	596	-0.9536	0.016825
302	0.5	600	-0.96	0.016825
303	1	0	-0	0.016825
304	1	4	-0.0064	0.016825
305	1	8	-0.0128	0.016825
306	1	12	-0.0192	0.016825
307	1	16	-0.0256	0.016825
308	1	20	-0.032	0.016825
309	1	24	-0.0384	0.016825
310	1	28	-0.0448	0.016825
311	1	32	-0.0512	0.016825
312	1	36	-0.0576	0.016825
313	1	40	-0.064	0.016825
314	1	44	-0.0704	0.016825
315	1	48	-0.0768	0.016825
316	1	52	-0.0832	0.016825
317	1	56	-0.0896	0.016825
318	1	60	-0.096	0.016825
319	1	64	-0.1024	0.016825
320	1	68	-0.1088	0.016825
321	1	72	-0.1152	0.016825
322	1	76	-0.1216	0.016825
323	1	80	-0.128	0.016825
324	1	84	-0.1344	0.016825
325	1	88	-0.1408	0.016825
326	1	92	-0.1472	0.016825
327	1	96	-0.1536	0.016825
328	1	100	-0.16	0.016825
329	1	104	-0.1664	0.016825
330	1	108	-0.1728	0.016825
331	1	112	-0.1792	0.016825
332	1	116	-0.1856	0.016825
333	1	120	-0.192	0.016825
334	1	124	-0.1984	0.016825
335	1	128	-0.2048	0.016825
336	1	132	-0.2112	0.016825
337	1	136	-0.2176	0.016825
338	1	140	-0.224	0.016825
339	1	144	-0.2304	0.016825
340	1	148	-0.2368	0.016825
341	1	152	-0.2432	0.016825
342	1	156	-0.2496	0.016825
343	1	160	-0.256	0.016825
344	1	164	-0.2624	0.016825
345	1	168	-0.2688	0.016825
346	1	172	-0.2752	0.016825
347	1	176	-0.2816	0.016825
348	1	180	-0.288	0.016825
349	1	184	-0.2944	0.016825
350	1	188	-0.3008	0.016825
351	1	192	-0.3072	0.016825
352	1	196	-0.3136	0.016825
353	1	200	-0.32	0.016825
354	1	204	-0.3264	0.016825
355	1	208	-0.3328	0.016825
356	1	212	-0.3392	0.016825
357	1	216	-0.3456	0.016825
358	1	220	-0.352	0.016825
359	1	224	-0.3584	0.016825
360	1	228	-0.3648	0.016825
361	1	232	-0.3712	0.016825
362	1	236	-0.3776	0.016825
363	1	240	-0.384	0.016825
364	1	244	-0.3904	0.016825
365	1	248	-0.3968	0.016825
366	1	252	-0.4032	0.016825
367	1	256	-0.4096	0.016825
368	1	260	-0.416	0.016825
369	1	264	-0.4224	0.016825
370	1	268	-0.4288	0.016825
371	1	272	-0.4352	0.016825
372	1	276	-0.4416	0.016825
373	1	280	-0.448	0.016825
374	1	284	-0.4544	0.016825
375	1	288	-0.4608	0.016825
376	1	292	-0.4672	0.016825
377	1	296	-0.4736	0.016825
378	1	300	-0.48	0.016825
379	1	304	-0.4864	0.016825
380	1	308	-0.4928	0.016825
381	1	312	-0.4992	0.016825
382	1	316	-0.5056	0.016825
383	1	320	-0.512	0.016825
384	1	324	-0.5184	0.016825
385	1	328	-0.5248	0.016825
386	1	332	-0.5312	0.016825
387	1	336	-0.5376	0.016825
388	1	340	-0.544	0.016825
389	1	344	-0.5504	0.016825
390	1	348	-0.5568	0.016825
391	1	352	-0.5632	0.016825
392	1	356	-0.5696	0.016825
393	1	360	-0.576	0.016825
394	1	364	-0.5824	0.016825
395	1	368	-0.5888	0.016825
396	1	372	-0.5952	0.016825
397	1	376	-0.6016	0.016825
398	1	380	-0.608	0.016825
399	1	384	-0.6144	0.016825
400	1	388	-0.6208	0.016825
401	1	392	-0.6272	0.016825
402	1	396	-0.6336	0.016825
403	1	400	-0.64	0.016825
404	1	404	-0.6464	0.016825
405	1	408	-0.6528	0.016825
406	1	412	-0.6592	0.016825
407	1	416	-0.6656	0.016825
408	1	420	-0.672	0.016825
409	1	424	-0.6784	0.016825
410	1	428	-0.6848	0.016825
411	1	432	-0.6912	0.016825
412	1	436	-0.6976	0.016825
413	1	440	-0.704	0.016825
414	1	444	-0.7104	0.016825
415	1	448	-0.7168	0.016825
416	1	452	-0.7232	0.016825
417	1	456	-0.7296	0.016825
418	1	460	-0.736	0.016825
419	1	464	-0.7424	0.016825
420	1	468	-0.7488	0.016825
421	1	472	-0.7552	0.016825
422	1	476	-0.7616	0.016825
423	1	480	-0.768	0.016825
424	1	484	-0.7744	0.016825
425	1	488	-0.7808	0.016825
426	1	492	-0.7872	0.016825
427	1	496	-0.7936	0.016825
428	1	500	-0.8	0.016825
429	1	504	-0.8064	0.016825
430	1	508	-0.8128	0.016825
431	1	512	-0.8192	0.016825
432	1	516	-0.8256	0.016825
433	1	520	-0.832	0.016825
434	1	524	-0.8384	0.016825
435	1	528	-0.8448	0.016825
436	1	532	-0.8512	0.016825
437	1	536	-0.8576	0.016825
438	1	540	-0.864	0.016825
439	1	544	-0.8704	0.016825
440	1	548	-0.8768	0.016825
441	1	552	-0.8832	0.016825
442	1	556	-0.8896	0.016825
443	1	560	-0.896	0.016825
444	1	564	-0.9024	0.016825
445	1	568	-0.9088	0.016825
446	1	572	-0.9152	0.016825
447	1	576	-0.9216	0.016825
448	1	580	-0.928	0.016825
449	1	584	-0.9344	0.016825
450	1	588	-0.9408	0.016825
451	1	592	-0.9472	0.016825
452	1	596	-0.9536	0.016825
453	1	600	-0.96	0.016825
1	3	311	161	160
2	3	423	273	272
3	3	136	135	286
4	3	348	349	198
5	3	282	281	432
6	3	140	139	290
7	3	42	192	193
8	3	222	221	372
9	3	241	91	90
10	3	442	292	291
11	3	300	149	299
12	3	440	290	289
13	3	275	276	125
14	3	285	134	284
15	3	211	61	60
16	3	28	178	179
17	3	70	221	71
18	3	420	421	270
19	3	238	87	237
20	3	227	77	76
21	3	208	209	58
22	3	192	42	41
23	3	179	180	29
24	3	351	352	201
25	3	175	24	174
26	3	172	21	171
27	3	160	9	159
28	3	175	174	325
29	3	178	329	179
30	3	26	177	27
31	3	33	32	183
32	3	175	325	326
33	3	163	164	13
34	3	162	163	12
35	3	187	37	36
36	3	28	27	178
37	3	335	185	184
38	3	202	51	201
39	3	201	51	50
40	3	50	49	200
41	3	200	201	50
42	3	352	353	202
43	3	53	204	54
44	3	206	207	56
45	3	360	210	209
46	3	357	207	206
47	3	48	198	199
48	3	66	216	217
49	3	359	208	358
50	3	72	222	223
51	3	225	75	74
52	3	80	79	230
53	3	238	237	388
54	3	89	88	239
55	3	264	113	263
56	3	282	132	131
57	3	148	147	298
58	3	138	137	288
59	3	267	116	266
60	3	282	131	281
61	3	277	127	126
62	3	274	273	424
63	3	298	147	297
64	3	118	268	269
65	3	269	420	270
66	3	277	278	127
67	3	268	419	269
68	3	275	124	274
69	3	265	115	114
70	3	270	119	269
71	3	271	120	270
72	3	411	261	260
73	3	101	252	102
74	3	243	394	244
75	3	250	100	99
76	3	367	216	366
77	3	215	65	64
78	3	292	293	142
79	3	403	404	253
80	3	263	113	112
81	3	444	294	293
82	3	288	137	287
83	3	145	144	295
84	3	288	439	289
85	3	144	143	294
86	3	436	285	435
87	3	267	266	417
88	3	285	135	134
89	3	296	295	446
90	3	298	299	148
91	3	300	450	451
92	3	281	280	431
93	3	265	415	416
94	3	96	95	246
95	3	243	93	92
96	3	211	212	61
97	3	237	86	236
98	3	343	344	193
99	3	192	343	193
100	3	183	334	184
101	3	335	336	185
102	3	358	207	357
103	3	199	198	349
104	3	204	205	54
105	3	345	195	194
106	3	194	43	193
107	3	44	194	195
108	3	47	46	197
109	3	23	22	173
110	3	20	19	170
111	3	168	169	18
112	3	170	19	169
113	3	166	167	16
114	3	156	6	5
115	3	164	315	165
116	3	167	168	17
117	3	159	8	158
118	3	311	160	310
119	3	161	10	160
120	3	33	183	184
121	3	182	332	333
122	3	318	319	168
123	3	317	166	316
124	3	2	1	152
125	3	16	167	17
126	3	21	20	171
127	3	33	184	34
128	3	181	30	180
129	3	29	28	179
130	3	30	29	180
131	3	173	172	323
132	3	36	186	187
133	3	37	188	38
134	3	185	336	186
135	3	339	188	338
136	3	21	172	22
137	3	165	316	166
138	3	15	166	16
139	3	3	2	153
140	3	157	7	6
141	3	154	4	3
142	3	153	154	3
143	3	161	11	10
144	3	161	312	162
145	3	155	5	4
146	3	156	157	6
147	3	159	9	8
148	3	160	10	9
149	3	154	155	4
150	3	156	5	155
151	3	153	152	303
152	3	153	2	152
153	3	160	159	310
154	3	8	7	158
155	3	11	162	12
156	3	315	316	165
157	3	14	13	164
158	3	163	314	164
159	3	319	320	169
160	3	171	20	170
161	3	174	173	324
162	3	22	172	173
163	3	334	335	184
164	3	32	182	183
165	3	181	180	331
166	3	35	186	36
167	3	35	34	185
168	3	321	171	170
169	3	322	172	171
170	3	163	13	12
171	3	164	165	14
172	3	15	14	165
173	3	168	18	17
174	3	169	19	18
175	3	25	175	176
176	3	181	31	30
177	3	182	32	31
178	3	364	213	363
179	3	213	63	62
180	3	65	216	66
181	3	40	191	41
182	3	190	341	191
183	3	356	206	205
184	3	207	57	56
185	3	188	189	38
186	3	340	190	189
187	3	191	192	41
188	3	191	342	192
189	3	344	194	193
190	3	195	346	196
191	3	344	345	194
192	3	347	348	197
193	3	352	202	201
194	3	355	356	205
195	3	368	369	218
196	3	220	70	69
197	3	223	222	373
198	3	71	221	222
199	3	224	223	374
200	3	72	71	222
201	3	225	224	375
202	3	73	223	224
203	3	235	84	234
204	3	78	77	228
205	3	68	219	69
206	3	367	217	216
207	3	218	67	217
208	3	369	219	218
209	3	370	220	219
210	3	217	67	66
211	3	218	219	68
212	3	67	218	68
213	3	73	72	223
214	3	55	54	205
215	3	210	360	361
216	3	55	205	206
217	3	354	203	353
218	3	56	55	206
219	3	43	194	44
220	3	38	189	39
221	3	39	190	40
222	3	44	195	45
223	3	197	348	198
224	3	51	202	52
225	3	203	202	353
226	3	196	347	197
227	3	42	193	43
228	3	198	48	47
229	3	199	49	48
230	3	199	350	200
231	3	208	58	57
232	3	209	59	58
233	3	210	211	60
234	3	215	64	214
235	3	73	224	74
236	3	225	376	226
237	3	79	78	229
238	3	241	90	240
239	3	107	258	108
240	3	247	248	97
241	3	97	248	98
242	3	253	254	103
243	3	233	83	82
244	3	235	386	236
245	3	85	236	86
246	3	86	237	87
247	3	240	89	239
248	3	118	117	268
249	3	116	115	266
250	3	119	118	269
251	3	120	119	270
252	3	264	114	113
253	3	259	109	108
254	3	262	263	112
255	3	254	255	104
256	3	259	410	260
257	3	258	257	408
258	3	260	110	109
259	3	261	111	110
260	3	133	132	283
261	3	137	136	287
262	3	291	141	140
263	3	292	142	141
264	3	295	296	145
265	3	300	150	149
266	3	301	151	150
267	3	149	148	299
268	3	146	145	296
269	3	147	146	297
270	3	130	129	280
271	3	131	130	281
272	3	293	143	142
273	3	294	295	144
274	3	134	133	284
275	3	289	139	138
276	3	290	291	140
277	3	129	128	279
278	3	275	125	124
279	3	276	126	125
280	3	276	277	126
281	3	274	124	123
282	3	271	121	120
283	3	273	274	123
284	3	272	273	122
285	3	273	123	122
286	3	105	255	256
287	3	104	103	254
288	3	254	405	255
289	3	257	107	106
290	3	257	258	107
291	3	259	108	258
292	3	255	105	104
293	3	256	106	105
294	3	256	257	106
295	3	121	272	122
296	3	422	271	421
297	3	285	286	135
298	3	287	136	286
299	3	271	272	121
300	3	260	261	110
301	3	412	262	261
302	3	266	265	416
303	3	266	115	265
304	3	291	292	141
305	3	443	293	292
306	3	293	294	143
307	3	301	302	151
308	3	146	296	297
309	3	300	301	150
310	3	300	299	450
311	3	289	290	139
312	3	441	291	290
313	3	433	282	432
314	3	283	132	282
315	3	283	433	434
316	3	284	283	434
317	3	130	280	281
318	3	279	278	429
319	3	128	127	278
320	3	276	275	426
321	3	128	278	279
322	3	277	276	427
323	3	102	253	103
324	3	404	405	254
325	3	249	248	399
326	3	246	95	245
327	3	392	242	241
328	3	393	243	242
329	3	395	244	394
330	3	395	245	244
331	3	98	249	99
332	3	398	247	397
333	3	250	251	100
334	3	250	249	400
335	3	96	247	97
336	3	251	101	100
337	3	252	403	253
338	3	245	396	246
339	3	91	242	92
340	3	244	94	93
341	3	245	95	94
342	3	231	232	81
343	3	231	81	80
344	3	231	80	230
345	3	381	231	230
346	3	232	82	81
347	3	382	232	231
348	3	233	82	232
349	3	382	383	232
350	3	234	83	233
351	3	84	235	85
352	3	84	83	234
353	3	240	239	390
354	3	88	87	238
355	3	241	240	391
356	3	90	89	240
357	3	237	236	387
358	3	85	235	236
359	3	389	238	388
360	3	239	88	238
361	3	227	228	77
362	3	229	78	228
363	3	378	379	228
364	3	230	79	229
365	3	384	234	233
366	3	385	235	234
367	3	380	229	379
368	3	235	385	386
369	3	379	229	228
370	3	380	230	229
371	3	381	230	380
372	3	382	231	381
373	3	237	387	388
374	3	236	386	387
375	3	240	390	391
376	3	239	238	389
377	3	390	239	389
378	3	396	245	395
379	3	248	247	398
380	3	244	245	94
381	3	396	397	246
382	3	392	241	391
383	3	242	91	241
384	3	393	242	392
385	3	93	243	244
386	3	92	242	243
387	3	247	246	397
388	3	247	96	246
389	3	99	249	250
390	3	98	248	249
391	3	251	252	101
392	3	252	253	102
393	3	404	254	253
394	3	408	409	258
395	3	411	412	261
396	3	109	259	260
397	3	258	409	259
398	3	264	263	414
399	3	112	111	262
400	3	433	283	282
401	3	284	133	283
402	3	298	449	299
403	3	299	449	450
404	3	129	279	280
405	3	428	277	427
406	3	265	264	415
407	3	265	114	264
408	3	268	267	418
409	3	117	116	267
410	3	261	262	111
411	3	413	414	263
412	3	138	288	289
413	3	296	447	297
414	3	297	448	298
415	3	267	268	117
416	3	419	420	269
417	3	267	417	418
418	3	266	416	417
419	3	410	411	260
420	3	409	410	259
421	3	255	405	406
422	3	250	401	251
423	3	251	402	252
424	3	280	279	430
425	3	281	431	432
426	3	434	435	284
427	3	435	285	284
428	3	436	286	285
429	3	287	286	437
430	3	288	287	438
431	3	290	440	441
432	3	289	439	440
433	3	437	286	436
434	3	288	438	439
435	3	287	437	438
436	3	452	453	302
437	3	452	302	301
438	3	300	451	301
439	3	451	452	301
440	3	298	448	449
441	3	295	294	445
442	3	297	447	448
443	3	296	446	447
444	3	446	295	445
445	3	292	442	443
446	3	291	441	442
447	3	294	444	445
448	3	293	443	444
449	3	425	274	424
450	3	425	275	274
451	3	418	419	268
452	3	271	270	421
453	3	272	271	422
454	3	280	430	431
455	3	278	277	428
456	3	279	429	430
457	3	278	428	429
458	3	427	276	426
459	3	273	423	424
460	3	272	422	423
461	3	426	275	425
462	3	250	400	401
463	3	249	399	400
464	3	399	248	398
465	3	394	243	393
466	3	233	232	383
467	3	234	384	385
468	3	233	383	384
469	3	252	402	403
470	3	251	401	402
471	3	255	406	256
472	3	256	407	257
473	3	264	414	415
474	3	263	262	413
475	3	257	407	408
476	3	256	406	407
477	3	412	413	262
478	3	225	375	376
479	3	220	69	219
480	3	227	377	378
481	3	226	376	377
482	3	374	223	373
483	3	372	221	371
484	3	373	222	372
485	3	346	195	345
486	3	192	342	343
487	3	191	341	342
488	3	347	196	346
489	3	213	214	63
490	3	371	220	370
491	3	358	208	207
492	3	357	206	356
493	3	350	351	200
494	3	204	354	355
495	3	203	354	204
496	3	360	209	359
497	3	362	211	361
498	3	363	212	362
499	3	365	214	364
500	3	365	215	214
501	3	368	218	217
502	3	375	224	374
503	3	370	219	369
504	3	366	215	365
505	3	64	63	214
506	3	216	215	366
507	3	216	65	215
508	3	367	368	217
509	3	75	226	76
510	3	378	228	227
511	3	227	226	377
512	3	227	76	226
513	3	75	225	226
514	3	74	224	225
515	3	61	212	62
516	3	364	214	213
517	3	221	220	371
518	3	221	70	220
519	3	52	203	53
520	3	52	202	203
521	3	199	200	49
522	3	351	201	200
523	3	47	197	198
524	3	46	45	196
525	3	40	190	191
526	3	39	189	190
527	3	46	196	197
528	3	45	195	196
529	3	203	204	53
530	3	355	205	204
531	3	207	208	57
532	3	359	209	208
533	3	213	212	363
534	3	213	62	212
535	3	59	210	60
536	3	362	212	211
537	3	209	210	59
538	3	361	211	210
539	3	349	350	199
540	3	178	177	328
541	3	174	324	325
542	3	173	323	324
543	3	23	174	24
544	3	23	173	174
545	3	176	175	326
546	3	25	24	175
547	3	26	176	177
548	3	26	25	176
549	3	187	188	37
550	3	340	341	190
551	3	337	338	187
552	3	186	337	187
553	3	35	185	186
554	3	34	184	185
555	3	27	177	178
556	3	31	181	182
557	3	180	179	330
558	3	317	318	167
559	3	167	318	168
560	3	309	158	308
561	3	309	159	158
562	3	158	157	308
563	3	158	7	157
564	3	303	304	153
565	3	306	307	156
566	3	306	156	155
567	3	307	157	156
568	3	161	162	11
569	3	313	314	163
570	3	165	166	15
571	3	317	167	166
572	3	314	315	164
573	3	323	172	322
574	3	162	313	163
575	3	319	169	168
576	3	179	329	330
577	3	178	328	329
578	3	177	176	327
579	3	180	330	331
580	3	181	331	332
581	3	181	332	182
582	3	187	338	188
583	3	188	339	189
584	3	339	340	189
585	3	336	337	186
586	3	182	333	183
587	3	333	334	183
588	3	312	313	162
589	3	320	170	169
590	3	177	327	328
591	3	176	326	327
592	3	321	170	320
593	3	322	171	321
594	3	312	161	311
595	3	157	307	308
596	3	155	154	305
597	3	310	159	309
598	3	305	306	155
599	3	153	304	154
600	3	304	305	154
