CHANNEL TEST MESH
699  378
         1 -200.0000000000  404.1452000000   -5.0207000000
         2 -200.0000000000  381.0512000000   -4.9053000000
         3 -200.0000000000  357.9572000000   -4.7898000000
         4 -200.0000000000  334.8632000000   -4.6743000000
         5 -200.0000000000  311.7691000000   -4.5588000000
         6 -200.0000000000  288.6751000000   -4.4434000000
         7 -200.0000000000  265.5811000000   -4.3279000000
         8 -200.0000000000  242.4871000000   -4.2124000000
         9 -200.0000000000  219.3931000000   -4.0970000000
        10 -200.0000000000  196.2991000000   -3.9815000000
        11 -200.0000000000  173.2051000000   -3.8660000000
        12 -200.0000000000  150.1111000000   -3.7506000000
        13 -200.0000000000  127.0171000000   -3.6351000000
        14 -200.0000000000  103.9230000000   -3.5196000000
        15 -200.0000000000   80.8290000000   -3.4041000000
        16 -200.0000000000   57.7350000000   -3.2887000000
        17 -200.0000000000   34.6410000000   -3.1732000000
        18 -200.0000000000   11.5470000000   -3.0577000000
        19 -180.0000000000    0.0000000000   -2.9000000000
        20 -140.0000000000    0.0000000000   -2.7000000000
        21 -100.0000000000    0.0000000000   -2.5000000000
        22  -60.0000000000    0.0000000000   -1.5000000000
        23  -20.0000000000    0.0000000000   -0.5000000000
        24   20.0000000000    0.0000000000   -0.5000000000
        25   60.0000000000    0.0000000000   -1.5000000000
        26  100.0000000000    0.0000000000   -2.5000000000
        27  140.0000000000    0.0000000000   -2.7000000000
        28  180.0000000000    0.0000000000   -2.9000000000
        29  200.0000000000   11.5470000000   -3.0577000000
        30  200.0000000000   34.6410000000   -3.1732000000
        31  200.0000000000   57.7350000000   -3.2887000000
        32  200.0000000000   80.8290000000   -3.4041000000
        33  200.0000000000  103.9230000000   -3.5196000000
        34  200.0000000000  127.0171000000   -3.6351000000
        35  200.0000000000  150.1111000000   -3.7506000000
        36  200.0000000000  173.2051000000   -3.8660000000
        37  200.0000000000  196.2991000000   -3.9815000000
        38  200.0000000000  219.3931000000   -4.0970000000
        39  200.0000000000  242.4871000000   -4.2124000000
        40  200.0000000000  265.5811000000   -4.3279000000
        41  200.0000000000  288.6751000000   -4.4434000000
        42  200.0000000000  311.7691000000   -4.5588000000
        43  200.0000000000  334.8632000000   -4.6743000000
        44  200.0000000000  357.9572000000   -4.7898000000
        45  200.0000000000  381.0512000000   -4.9053000000
        46  200.0000000000  404.1452000000   -5.0207000000
        47  160.0000000000  404.1452000000   -4.8207000000
        48  120.0000000000  404.1452000000   -4.6207000000
        49   80.0000000000  404.1452000000   -4.0207000000
        50   40.0000000000  404.1452000000   -3.0207000000
        51    0.0000000000  404.1452000000   -2.0207000000
        52  -40.0000000000  404.1452000000   -3.0207000000
        53  -80.0000000000  404.1452000000   -4.0207000000
        54 -120.0000000000  404.1452000000   -4.6207000000
        55 -160.0000000000  404.1452000000   -4.8207000000
        56 -180.0000000000  392.5982000000   -4.8630000000
        57 -180.0000000000  369.5042000000   -4.7475000000
        58 -180.0000000000  346.4102000000   -4.6321000000
        59 -180.0000000000  323.3162000000   -4.5166000000
        60 -180.0000000000  300.2221000000   -4.4011000000
        61 -180.0000000000  277.1281000000   -4.2856000000
        62 -180.0000000000  254.0341000000   -4.1702000000
        63 -180.0000000000  230.9401000000   -4.0547000000
        64 -180.0000000000  207.8461000000   -3.9392000000
        65 -180.0000000000  184.7521000000   -3.8238000000
        66 -180.0000000000  161.6581000000   -3.7083000000
        67 -180.0000000000  138.5641000000   -3.5928000000
        68 -180.0000000000  115.4701000000   -3.4774000000
        69 -180.0000000000   92.3760000000   -3.3619000000
        70 -180.0000000000   69.2820000000   -3.2464000000
        71 -180.0000000000   46.1880000000   -3.1309000000
        72 -180.0000000000   23.0940000000   -3.0155000000
        73 -160.0000000000   11.5470000000   -2.8577000000
        74 -140.0000000000   23.0940000000   -2.8155000000
        75 -120.0000000000   11.5470000000   -2.6577000000
        76 -100.0000000000   23.0940000000   -2.6155000000
        77  -80.0000000000   11.5470000000   -2.0577000000
        78  -60.0000000000   23.0940000000   -1.6155000000
        79  -40.0000000000   11.5470000000   -1.0577000000
        80  -20.0000000000   23.0940000000   -0.6155000000
        81    0.0000000000   11.5470000000    0.0000000000
        82   20.0000000000   23.0940000000   -0.6155000000
        83   40.0000000000   11.5470000000   -1.0577000000
        84   60.0000000000   23.0940000000   -1.6155000000
        85   80.0000000000   11.5470000000   -2.0577000000
        86  100.0000000000   23.0940000000   -2.6155000000
        87  120.0000000000   11.5470000000   -2.6577000000
        88  140.0000000000   23.0940000000   -2.8155000000
        89  160.0000000000   11.5470000000   -2.8577000000
        90  180.0000000000   23.0940000000   -3.0155000000
        91  180.0000000000   46.1880000000   -3.1309000000
        92  180.0000000000   69.2820000000   -3.2464000000
        93  180.0000000000   92.3760000000   -3.3619000000
        94  180.0000000000  115.4701000000   -3.4774000000
        95  180.0000000000  138.5641000000   -3.5928000000
        96  180.0000000000  161.6581000000   -3.7083000000
        97  180.0000000000  184.7521000000   -3.8238000000
        98  180.0000000000  207.8461000000   -3.9392000000
        99  180.0000000000  230.9401000000   -4.0547000000
       100  180.0000000000  254.0341000000   -4.1702000000
       101  180.0000000000  277.1281000000   -4.2856000000
       102  180.0000000000  300.2221000000   -4.4011000000
       103  180.0000000000  323.3162000000   -4.5166000000
       104  180.0000000000  346.4102000000   -4.6321000000
       105  180.0000000000  369.5042000000   -4.7475000000
       106  180.0000000000  392.5982000000   -4.8630000000
       107  160.0000000000  381.0512000000   -4.7053000000
       108  140.0000000000  392.5982000000   -4.6630000000
       109  120.0000000000  381.0512000000   -4.5053000000
       110  100.0000000000  392.5982000000   -4.4630000000
       111   80.0000000000  381.0512000000   -3.9053000000
       112   60.0000000000  392.5982000000   -3.4630000000
       113   40.0000000000  381.0512000000   -2.9053000000
       114   20.0000000000  392.5982000000   -2.4630000000
       115    0.0000000000  381.0512000000   -1.9053000000
       116  -20.0000000000  392.5982000000   -2.4630000000
       117  -40.0000000000  381.0512000000   -2.9053000000
       118  -60.0000000000  392.5982000000   -3.4630000000
       119  -80.0000000000  381.0512000000   -3.9053000000
       120 -100.0000000000  392.5982000000   -4.4630000000
       121 -120.0000000000  381.0512000000   -4.5053000000
       122 -140.0000000000  392.5982000000   -4.6630000000
       123 -160.0000000000  381.0512000000   -4.7053000000
       124 -160.0000000000  357.9572000000   -4.5898000000
       125 -160.0000000000  334.8632000000   -4.4743000000
       126 -160.0000000000  311.7691000000   -4.3588000000
       127 -160.0000000000  288.6751000000   -4.2434000000
       128 -160.0000000000  265.5811000000   -4.1279000000
       129 -160.0000000000  242.4871000000   -4.0124000000
       130 -160.0000000000  219.3931000000   -3.8970000000
       131 -160.0000000000  196.2991000000   -3.7815000000
       132 -160.0000000000  173.2051000000   -3.6660000000
       133 -160.0000000000  150.1111000000   -3.5506000000
       134 -160.0000000000  127.0171000000   -3.4351000000
       135 -160.0000000000  103.9230000000   -3.3196000000
       136 -160.0000000000   80.8290000000   -3.2041000000
       137 -160.0000000000   57.7350000000   -3.0887000000
       138 -160.0000000000   34.6410000000   -2.9732000000
       139 -140.0000000000   46.1880000000   -2.9309000000
       140 -120.0000000000   34.6410000000   -2.7732000000
       141 -100.0000000000   46.1880000000   -2.7309000000
       142  -80.0000000000   34.6410000000   -2.1732000000
       143  -60.0000000000   46.1880000000   -1.7309000000
       144  -40.0000000000   34.6410000000   -1.1732000000
       145  -20.0000000000   46.1880000000   -0.7309000000
       146    0.0000000000   34.6410000000   -0.1000000000
       147   20.0000000000   46.1880000000   -0.7309000000
       148   40.0000000000   34.6410000000   -1.1732000000
       149   60.0000000000   46.1880000000   -1.7309000000
       150   80.0000000000   34.6410000000   -2.1732000000
       151  100.0000000000   46.1880000000   -2.7309000000
       152  120.0000000000   34.6410000000   -2.7732000000
       153  140.0000000000   46.1880000000   -2.9309000000
       154  160.0000000000   34.6410000000   -2.9732000000
       155  160.0000000000   57.7350000000   -3.0887000000
       156  160.0000000000   80.8290000000   -3.2041000000
       157  160.0000000000  103.9230000000   -3.3196000000
       158  160.0000000000  127.0171000000   -3.4351000000
       159  160.0000000000  150.1111000000   -3.5506000000
       160  160.0000000000  173.2051000000   -3.6660000000
       161  160.0000000000  196.2991000000   -3.7815000000
       162  160.0000000000  219.3931000000   -3.8970000000
       163  160.0000000000  242.4871000000   -4.0124000000
       164  160.0000000000  265.5811000000   -4.1279000000
       165  160.0000000000  288.6751000000   -4.2434000000
       166  160.0000000000  311.7691000000   -4.3588000000
       167  160.0000000000  334.8632000000   -4.4743000000
       168  160.0000000000  357.9572000000   -4.5898000000
       169  140.0000000000  369.5042000000   -4.5475000000
       170  120.0000000000  357.9572000000   -4.3898000000
       171  100.0000000000  369.5042000000   -4.3475000000
       172   80.0000000000  357.9572000000   -3.7898000000
       173   60.0000000000  369.5042000000   -3.3475000000
       174   40.0000000000  357.9572000000   -2.7898000000
       175   20.0000000000  369.5042000000   -2.3475000000
       176    0.0000000000  357.9572000000   -1.7898000000
       177  -20.0000000000  369.5042000000   -2.3475000000
       178  -40.0000000000  357.9572000000   -2.7898000000
       179  -60.0000000000  369.5042000000   -3.3475000000
       180  -80.0000000000  357.9572000000   -3.7898000000
       181 -100.0000000000  369.5042000000   -4.3475000000
       182 -120.0000000000  357.9572000000   -4.3898000000
       183 -140.0000000000  369.5042000000   -4.5475000000
       184 -140.0000000000  346.4102000000   -4.4321000000
       185 -140.0000000000  323.3162000000   -4.3166000000
       186 -140.0000000000  300.2221000000   -4.2011000000
       187 -140.0000000000  277.1281000000   -4.0856000000
       188 -140.0000000000  254.0341000000   -3.9702000000
       189 -140.0000000000  230.9401000000   -3.8547000000
       190 -140.0000000000  207.8461000000   -3.7392000000
       191 -140.0000000000  184.7521000000   -3.6238000000
       192 -140.0000000000  161.6581000000   -3.5083000000
       193 -140.0000000000  138.5641000000   -3.3928000000
       194 -140.0000000000  115.4701000000   -3.2774000000
       195 -140.0000000000   92.3760000000   -3.1619000000
       196 -140.0000000000   69.2820000000   -3.0464000000
       197 -120.0000000000   57.7350000000   -2.8887000000
       198 -100.0000000000   69.2820000000   -2.8464000000
       199  -80.0000000000   57.7350000000   -2.2887000000
       200  -60.0000000000   69.2820000000   -1.8464000000
       201  -40.0000000000   57.7350000000   -1.2887000000
       202  -20.0000000000   69.2820000000   -0.8464000000
       203    0.0000000000   57.7350000000   -0.1500000000
       204   20.0000000000   69.2820000000   -0.8464000000
       205   40.0000000000   57.7350000000   -1.2887000000
       206   60.0000000000   69.2820000000   -1.8464000000
       207   80.0000000000   57.7350000000   -2.2887000000
       208  100.0000000000   69.2820000000   -2.8464000000
       209  120.0000000000   57.7350000000   -2.8887000000
       210  140.0000000000   69.2820000000   -3.0464000000
       211  140.0000000000   92.3760000000   -3.1619000000
       212  140.0000000000  115.4701000000   -3.2774000000
       213  140.0000000000  138.5641000000   -3.3928000000
       214  140.0000000000  161.6581000000   -3.5083000000
       215  140.0000000000  184.7521000000   -3.6238000000
       216  140.0000000000  207.8461000000   -3.7392000000
       217  140.0000000000  230.9401000000   -3.8547000000
       218  140.0000000000  254.0341000000   -3.9702000000
       219  140.0000000000  277.1281000000   -4.0856000000
       220  140.0000000000  300.2221000000   -4.2011000000
       221  140.0000000000  323.3162000000   -4.3166000000
       222  140.0000000000  346.4102000000   -4.4321000000
       223  120.0000000000  334.8632000000   -4.2743000000
       224  100.0000000000  346.4102000000   -4.2321000000
       225   80.0000000000  334.8632000000   -3.5000000000
       226   60.0000000000  346.4102000000   -3.2321000000
       227   40.0000000000  334.8632000000   -2.6743000000
       228   20.0000000000  346.4102000000   -2.2321000000
       229    0.0000000000  334.8632000000   -1.6743000000
       230  -20.0000000000  346.4102000000   -2.2321000000
       231  -40.0000000000  334.8632000000   -2.6743000000
       232  -60.0000000000  346.4102000000   -3.2321000000
       233  -80.0000000000  334.8632000000   -3.5000000000
       234 -100.0000000000  346.4102000000   -4.2321000000
       235 -120.0000000000  334.8632000000   -4.2743000000
       236 -120.0000000000  311.7691000000   -4.1588000000
       237 -120.0000000000  288.6751000000   -4.0434000000
       238 -120.0000000000  265.5811000000   -3.9279000000
       239 -120.0000000000  242.4871000000   -3.8124000000
       240 -120.0000000000  219.3931000000   -3.6970000000
       241 -120.0000000000  196.2991000000   -3.5815000000
       242 -120.0000000000  173.2051000000   -3.4660000000
       243 -120.0000000000  150.1111000000   -3.3506000000
       244 -120.0000000000  127.0171000000   -3.2351000000
       245 -120.0000000000  103.9230000000   -3.1196000000
       246 -120.0000000000   80.8290000000   -3.0041000000
       247 -100.0000000000   92.3760000000   -2.9619000000
       248  -80.0000000000   80.8290000000   -2.4041000000
       249  -60.0000000000   92.3760000000   -1.9619000000
       250  -40.0000000000   80.8290000000   -1.4041000000
       251  -20.0000000000   92.3760000000   -0.9619000000
       252    0.0000000000   80.8290000000   -0.2000000000
       253   20.0000000000   92.3760000000   -0.9619000000
       254   40.0000000000   80.8290000000   -1.4041000000
       255   60.0000000000   92.3760000000   -1.9619000000
       256   80.0000000000   80.8290000000   -2.4041000000
       257  100.0000000000   92.3760000000   -2.9619000000
       258  120.0000000000   80.8290000000   -3.0041000000
       259  120.0000000000  103.9230000000   -3.1196000000
       260  120.0000000000  127.0171000000   -3.2351000000
       261  120.0000000000  150.1111000000   -3.3506000000
       262  120.0000000000  173.2051000000   -3.4660000000
       263  120.0000000000  196.2991000000   -3.5815000000
       264  120.0000000000  219.3931000000   -3.6970000000
       265  120.0000000000  242.4871000000   -3.8124000000
       266  120.0000000000  265.5811000000   -3.9279000000
       267  120.0000000000  288.6751000000   -4.0434000000
       268  120.0000000000  311.7691000000   -4.1588000000
       269  100.0000000000  323.3162000000   -4.1166000000
       270   80.0000000000  311.7691000000   -3.5588000000
       271   60.0000000000  323.3162000000   -3.0000000000
       272   40.0000000000  311.7691000000   -2.0000000000
       273   20.0000000000  323.3162000000   -2.1166000000
       274    0.0000000000  311.7691000000   -1.5588000000
       275  -20.0000000000  323.3162000000   -2.1166000000
       276  -40.0000000000  311.7691000000   -2.0000000000
       277  -60.0000000000  323.3162000000   -3.0000000000
       278  -80.0000000000  311.7691000000   -3.5588000000
       279 -100.0000000000  323.3162000000   -4.1166000000
       280 -100.0000000000  300.2221000000   -4.0011000000
       281 -100.0000000000  277.1281000000   -3.8856000000
       282 -100.0000000000  254.0341000000   -3.7702000000
       283 -100.0000000000  230.9401000000   -3.6547000000
       284 -100.0000000000  207.8461000000   -3.5392000000
       285 -100.0000000000  184.7521000000   -3.4238000000
       286 -100.0000000000  161.6581000000   -3.3083000000
       287 -100.0000000000  138.5641000000   -3.1928000000
       288 -100.0000000000  115.4701000000   -3.0774000000
       289  -80.0000000000  103.9230000000   -2.5196000000
       290  -60.0000000000  115.4701000000   -2.0774000000
       291  -40.0000000000  103.9230000000   -1.5196000000
       292  -20.0000000000  115.4701000000   -1.0774000000
       293    0.0000000000  103.9230000000   -0.2500000000
       294   20.0000000000  115.4701000000   -1.0774000000
       295   40.0000000000  103.9230000000   -1.5196000000
       296   60.0000000000  115.4701000000   -2.0774000000
       297   80.0000000000  103.9230000000   -2.5196000000
       298  100.0000000000  115.4701000000   -3.0774000000
       299  100.0000000000  138.5641000000   -3.1928000000
       300  100.0000000000  161.6581000000   -3.3083000000
       301  100.0000000000  184.7521000000   -3.4238000000
       302  100.0000000000  207.8461000000   -3.5392000000
       303  100.0000000000  230.9401000000   -3.6547000000
       304  100.0000000000  254.0341000000   -3.7702000000
       305  100.0000000000  277.1281000000   -3.8856000000
       306  100.0000000000  300.2221000000   -4.0011000000
       307   80.0000000000  288.6751000000   -3.4434000000
       308   60.0000000000  300.2221000000   -3.0011000000
       309   40.0000000000  288.6751000000   -2.4434000000
       310   20.0000000000  300.2221000000   -1.5000000000
       311    0.0000000000  288.6751000000   -1.4434000000
       312  -20.0000000000  300.2221000000   -1.5000000000
       313  -40.0000000000  288.6751000000   -2.4434000000
       314  -60.0000000000  300.2221000000   -3.0011000000
       315  -80.0000000000  288.6751000000   -3.4434000000
       316  -80.0000000000  265.5811000000   -3.3279000000
       317  -80.0000000000  242.4871000000   -3.2124000000
       318  -80.0000000000  219.3931000000   -2.0970000000
       319  -80.0000000000  196.2991000000   -2.9815000000
       320  -80.0000000000  173.2051000000   -2.8660000000
       321  -80.0000000000  150.1111000000   -2.7506000000
       322  -80.0000000000  127.0171000000   -2.6351000000
       323  -60.0000000000  138.5641000000   -2.1928000000
       324  -40.0000000000  127.0171000000   -1.6351000000
       325  -20.0000000000  138.5641000000   -1.1928000000
       326    0.0000000000  127.0171000000   -0.3000000000
       327   20.0000000000  138.5641000000   -1.1928000000
       328   40.0000000000  127.0171000000   -1.6351000000
       329   60.0000000000  138.5641000000   -2.1928000000
       330   80.0000000000  127.0171000000   -2.6351000000
       331   80.0000000000  150.1111000000   -2.7506000000
       332   80.0000000000  173.2051000000   -2.8660000000
       333   80.0000000000  196.2991000000   -2.9815000000
       334   80.0000000000  219.3931000000   -3.0970000000
       335   80.0000000000  242.4871000000   -3.2124000000
       336   80.0000000000  265.5811000000   -3.3279000000
       337   60.0000000000  277.1281000000   -2.8856000000
       338   40.0000000000  265.5811000000   -2.3279000000
       339   20.0000000000  277.1281000000   -1.8856000000
       340    0.0000000000  265.5811000000   -1.3279000000
       341  -20.0000000000  277.1281000000   -1.8856000000
       342  -40.0000000000  265.5811000000   -2.3279000000
       343  -60.0000000000  277.1281000000   -2.8856000000
       344  -60.0000000000  254.0341000000   -2.7702000000
       345  -60.0000000000  230.9401000000   -2.6547000000
       346  -60.0000000000  207.8461000000   -1.5392000000
       347  -60.0000000000  184.7521000000   -2.4238000000
       348  -60.0000000000  161.6581000000   -2.3083000000
       349  -40.0000000000  150.1111000000   -1.7506000000
       350  -20.0000000000  161.6581000000   -1.3083000000
       351    0.0000000000  150.1111000000   -0.3500000000
       352   20.0000000000  161.6581000000   -1.3083000000
       353   40.0000000000  150.1111000000   -1.7506000000
       354   60.0000000000  161.6581000000   -2.3083000000
       355   60.0000000000  184.7521000000   -2.4238000000
       356   60.0000000000  207.8461000000   -2.5392000000
       357   60.0000000000  230.9401000000   -2.6547000000
       358   60.0000000000  254.0341000000   -2.7702000000
       359   40.0000000000  242.4871000000   -2.2124000000
       360   20.0000000000  254.0341000000   -1.7702000000
       361    0.0000000000  242.4871000000   -1.2124000000
       362  -20.0000000000  254.0341000000   -1.7702000000
       363  -40.0000000000  242.4871000000   -2.2124000000
       364  -40.0000000000  219.3931000000   -2.0970000000
       365  -40.0000000000  196.2991000000   -0.9815000000
       366  -40.0000000000  173.2051000000   -1.8660000000
       367  -20.0000000000  184.7521000000   -0.4238000000
       368    0.0000000000  173.2051000000   -0.4000000000
       369   20.0000000000  184.7521000000   -1.4238000000
       370   40.0000000000  173.2051000000   -1.8660000000
       371   40.0000000000  196.2991000000   -1.9815000000
       372   40.0000000000  219.3931000000   -2.0970000000
       373   20.0000000000  230.9401000000   -1.6547000000
       374    0.0000000000  219.3931000000   -1.0970000000
       375  -20.0000000000  230.9401000000   -1.6547000000
       376  -20.0000000000  207.8461000000   -1.5392000000
       377    0.0000000000  196.2991000000   -0.9815000000
       378   20.0000000000  207.8461000000   -1.5392000000
    1    3     1    56    55
    2    3     1     2    56
    3    3     2    57    56
    4    3     3    57     2
    5    3     3    58    57
    6    3    58     3     4
    7    3     4    59    58
    8    3     4     5    59
    9    3     5    60    59
   10    3    60     5     6
   11    3    61    60     6
   12    3     6     7    61
   13    3    61     7    62
   14    3     7     8    62
   15    3    62     8    63
   16    3     8     9    63
   17    3     9    64    63
   18    3     9    10    64
   19    3    64    10    65
   20    3    11    65    10
   21    3    65    11    66
   22    3    66    11    12
   23    3    12    67    66
   24    3    12    13    67
   25    3    67    13    68
   26    3    14    68    13
   27    3    14    69    68
   28    3    15    69    14
   29    3    15    70    69
   30    3    15    16    70
   31    3    70    16    71
   32    3    17    71    16
   33    3    17    72    71
   34    3    18    72    17
   35    3    18    19    72
   36    3    19    73    72
   37    3    19    20    73
   38    3    73    20    74
   39    3    75    74    20
   40    3    75    20    21
   41    3    21    76    75
   42    3    77    76    21
   43    3    22    77    21
   44    3    22    78    77
   45    3    79    78    22
   46    3    79    22    23
   47    3    79    23    80
   48    3    23    81    80
   49    3    24    81    23
   50    3    24    82    81
   51    3    24    83    82
   52    3    24    25    83
   53    3    84    83    25
   54    3    25    85    84
   55    3    25    26    85
   56    3    85    26    86
   57    3    26    87    86
   58    3    27    87    26
   59    3    88    87    27
   60    3    89    88    27
   61    3    28    89    27
   62    3    28    90    89
   63    3    29    90    28
   64    3    30    90    29
   65    3    91    90    30
   66    3    91    30    31
   67    3    31    92    91
   68    3    32    92    31
   69    3    92    32    93
   70    3    33    93    32
   71    3    93    33    94
   72    3    34    94    33
   73    3    34    95    94
   74    3    35    95    34
   75    3    35    96    95
   76    3    36    96    35
   77    3    36    97    96
   78    3    37    97    36
   79    3    37    98    97
   80    3    38    98    37
   81    3    38    99    98
   82    3    39    99    38
   83    3    39   100    99
   84    3    40   100    39
   85    3   100    40   101
   86    3    41   101    40
   87    3   101    41   102
   88    3   102    41    42
   89    3    42   103   102
   90    3    42    43   103
   91    3   104   103    43
   92    3    43    44   104
   93    3   104    44   105
   94    3    44    45   105
   95    3   106   105    45
   96    3    45    46   106
   97    3    47   106    46
   98    3    47   107   106
   99    3    47   108   107
  100    3    48   108    47
  101    3   108    48   109
  102    3   109    48   110
  103    3    48    49   110
  104    3   111   110    49
  105    3   111    49   112
  106    3    49    50   112
  107    3   113   112    50
  108    3   114   113    50
  109    3    50    51   114
  110    3   115   114    51
  111    3    51   116   115
  112    3    51    52   116
  113    3   116    52   117
  114    3    52   118   117
  115    3   118    52    53
  116    3    53   119   118
  117    3   120   119    53
  118    3   120    53    54
  119    3    54   121   120
  120    3   122   121    54
  121    3   122    54    55
  122    3   123   122    55
  123    3    56   123    55
  124    3    56    57   123
  125    3   123    57   124
  126    3    58   124    57
  127    3   125   124    58
  128    3   125    58    59
  129    3   125    59   126
  130    3    60   126    59
  131    3   126    60   127
  132    3   127    60    61
  133    3   127    61   128
  134    3    62   128    61
  135    3   128    62   129
  136    3    62    63   129
  137    3   129    63   130
  138    3   130    63    64
  139    3   130    64   131
  140    3    64    65   131
  141    3    65   132   131
  142    3   132    65    66
  143    3   133   132    66
  144    3   133    66    67
  145    3   133    67   134
  146    3    67    68   134
  147    3   134    68   135
  148    3   135    68    69
  149    3    69   136   135
  150    3   136    69    70
  151    3   137   136    70
  152    3    70    71   137
  153    3   137    71   138
  154    3    71    72   138
  155    3   138    72    73
  156    3   138    73    74
  157    3   139   138    74
  158    3   140   139    74
  159    3    75   140    74
  160    3    76   140    75
  161    3   141   140    76
  162    3   142   141    76
  163    3   142    76    77
  164    3    78   142    77
  165    3    78   143   142
  166    3   144   143    78
  167    3    79   144    78
  168    3   144    79    80
  169    3   144    80   145
  170    3   145    80   146
  171    3    81   146    80
  172    3    82   146    81
  173    3   146    82   147
  174    3   147    82   148
  175    3    82    83   148
  176    3   148    83    84
  177    3   148    84   149
  178    3   150   149    84
  179    3    84    85   150
  180    3   150    85    86
  181    3    86   151   150
  182    3   151    86   152
  183    3    86    87   152
  184    3    88   152    87
  185    3    88   153   152
  186    3    88   154   153
  187    3    88    89   154
  188    3   154    89    90
  189    3   154    90    91
  190    3   154    91   155
  191    3   155    91    92
  192    3    92   156   155
  193    3    92    93   156
  194    3    93   157   156
  195    3    93    94   157
  196    3    94   158   157
  197    3   158    94    95
  198    3   158    95   159
  199    3    95    96   159
  200    3   159    96   160
  201    3   160    96    97
  202    3   160    97   161
  203    3    97    98   161
  204    3   161    98   162
  205    3    98    99   162
  206    3   163   162    99
  207    3   100   163    99
  208    3   100   164   163
  209    3   100   101   164
  210    3   101   165   164
  211    3   102   165   101
  212    3   165   102   166
  213    3   102   103   166
  214    3   103   167   166
  215    3   104   167   103
  216    3   168   167   104
  217    3   168   104   105
  218    3   168   105   107
  219    3   107   105   106
  220    3   169   168   107
  221    3   169   107   108
  222    3   169   108   109
  223    3   170   169   109
  224    3   170   109   171
  225    3   171   109   110
  226    3   171   110   111
  227    3   172   171   111
  228    3   172   111   173
  229    3   173   111   112
  230    3   113   173   112
  231    3   113   174   173
  232    3   174   113   175
  233    3   114   175   113
  234    3   115   175   114
  235    3   115   176   175
  236    3   177   176   115
  237    3   115   116   177
  238    3   177   116   117
  239    3   178   177   117
  240    3   178   117   179
  241    3   118   179   117
  242    3   118   119   179
  243    3   179   119   180
  244    3   119   181   180
  245    3   120   181   119
  246    3   121   181   120
  247    3   121   182   181
  248    3   183   182   121
  249    3   183   121   122
  250    3   123   183   122
  251    3   124   183   123
  252    3   183   124   184
  253    3   184   124   125
  254    3   125   185   184
  255    3   125   126   185
  256    3   186   185   126
  257    3   127   186   126
  258    3   127   187   186
  259    3   128   187   127
  260    3   187   128   188
  261    3   188   128   129
  262    3   188   129   189
  263    3   189   129   130
  264    3   189   130   190
  265    3   190   130   131
  266    3   190   131   191
  267    3   191   131   132
  268    3   192   191   132
  269    3   132   133   192
  270    3   192   133   193
  271    3   193   133   134
  272    3   194   193   134
  273    3   134   135   194
  274    3   135   195   194
  275    3   136   195   135
  276    3   196   195   136
  277    3   196   136   137
  278    3   137   139   196
  279    3   139   137   138
  280    3   196   139   197
  281    3   197   139   140
  282    3   141   197   140
  283    3   197   141   198
  284    3   198   141   199
  285    3   199   141   142
  286    3   143   199   142
  287    3   200   199   143
  288    3   200   143   201
  289    3   201   143   144
  290    3   144   145   201
  291    3   202   201   145
  292    3   202   145   203
  293    3   145   146   203
  294    3   147   203   146
  295    3   147   204   203
  296    3   204   147   205
  297    3   148   205   147
  298    3   205   148   149
  299    3   206   205   149
  300    3   149   207   206
  301    3   150   207   149
  302    3   151   207   150
  303    3   207   151   208
  304    3   151   209   208
  305    3   151   152   209
  306    3   152   153   209
  307    3   209   153   210
  308    3   153   155   210
  309    3   154   155   153
  310    3   155   156   210
  311    3   156   211   210
  312    3   211   156   157
  313    3   157   212   211
  314    3   212   157   158
  315    3   212   158   213
  316    3   213   158   159
  317    3   213   159   214
  318    3   214   159   160
  319    3   214   160   215
  320    3   215   160   161
  321    3   215   161   216
  322    3   162   216   161
  323    3   162   217   216
  324    3   162   163   217
  325    3   163   218   217
  326    3   163   164   218
  327    3   218   164   219
  328    3   164   165   219
  329    3   165   220   219
  330    3   165   166   220
  331    3   221   220   166
  332    3   221   166   167
  333    3   222   221   167
  334    3   222   167   168
  335    3   222   168   169
  336    3   170   222   169
  337    3   223   222   170
  338    3   223   170   224
  339    3   224   170   171
  340    3   224   171   172
  341    3   172   225   224
  342    3   226   225   172
  343    3   226   172   173
  344    3   174   226   173
  345    3   227   226   174
  346    3   227   174   228
  347    3   175   228   174
  348    3   228   175   176
  349    3   228   176   229
  350    3   230   229   176
  351    3   176   177   230
  352    3   177   178   230
  353    3   230   178   231
  354    3   178   232   231
  355    3   179   232   178
  356    3   179   180   232
  357    3   180   233   232
  358    3   180   234   233
  359    3   181   234   180
  360    3   182   234   181
  361    3   235   234   182
  362    3   184   235   182
  363    3   184   182   183
  364    3   184   185   235
  365    3   236   235   185
  366    3   185   186   236
  367    3   236   186   237
  368    3   237   186   187
  369    3   187   238   237
  370    3   188   238   187
  371    3   238   188   239
  372    3   189   239   188
  373    3   240   239   189
  374    3   240   189   190
  375    3   190   241   240
  376    3   190   191   241
  377    3   241   191   242
  378    3   242   191   192
  379    3   242   192   243
  380    3   243   192   193
  381    3   243   193   244
  382    3   193   194   244
  383    3   244   194   245
  384    3   194   195   245
  385    3   245   195   246
  386    3   195   196   246
  387    3   196   197   246
  388    3   246   197   198
  389    3   246   198   247
  390    3   247   198   248
  391    3   248   198   199
  392    3   200   248   199
  393    3   249   248   200
  394    3   249   200   250
  395    3   200   201   250
  396    3   202   250   201
  397    3   202   251   250
  398    3   202   252   251
  399    3   202   203   252
  400    3   204   252   203
  401    3   253   252   204
  402    3   254   253   204
  403    3   254   204   205
  404    3   206   254   205
  405    3   206   255   254
  406    3   255   206   256
  407    3   206   207   256
  408    3   207   208   256
  409    3   256   208   257
  410    3   208   258   257
  411    3   208   209   258
  412    3   258   209   210
  413    3   210   211   258
  414    3   211   259   258
  415    3   259   211   212
  416    3   260   259   212
  417    3   260   212   213
  418    3   261   260   213
  419    3   214   261   213
  420    3   261   214   262
  421    3   214   215   262
  422    3   262   215   263
  423    3   263   215   216
  424    3   216   264   263
  425    3   216   217   264
  426    3   217   265   264
  427    3   217   218   265
  428    3   218   266   265
  429    3   219   266   218
  430    3   266   219   267
  431    3   220   267   219
  432    3   267   220   268
  433    3   220   221   268
  434    3   221   223   268
  435    3   223   221   222
  436    3   268   223   269
  437    3   269   223   224
  438    3   225   269   224
  439    3   225   270   269
  440    3   271   270   225
  441    3   271   225   226
  442    3   227   271   226
  443    3   227   272   271
  444    3   272   227   273
  445    3   227   228   273
  446    3   273   228   229
  447    3   274   273   229
  448    3   229   275   274
  449    3   230   275   229
  450    3   230   231   275
  451    3   231   276   275
  452    3   231   277   276
  453    3   277   231   232
  454    3   233   277   232
  455    3   233   278   277
  456    3   279   278   233
  457    3   279   233   234
  458    3   234   235   279
  459    3   279   235   236
  460    3   236   280   279
  461    3   236   237   280
  462    3   281   280   237
  463    3   281   237   238
  464    3   282   281   238
  465    3   239   282   238
  466    3   283   282   239
  467    3   240   283   239
  468    3   240   284   283
  469    3   240   241   284
  470    3   241   285   284
  471    3   241   242   285
  472    3   285   242   286
  473    3   242   243   286
  474    3   286   243   287
  475    3   287   243   244
  476    3   244   288   287
  477    3   288   244   245
  478    3   288   245   247
  479    3   247   245   246
  480    3   288   247   289
  481    3   289   247   248
  482    3   289   248   249
  483    3   290   289   249
  484    3   291   290   249
  485    3   291   249   250
  486    3   291   250   251
  487    3   291   251   292
  488    3   293   292   251
  489    3   251   252   293
  490    3   293   252   253
  491    3   293   253   294
  492    3   295   294   253
  493    3   254   295   253
  494    3   295   254   255
  495    3   296   295   255
  496    3   296   255   297
  497    3   297   255   256
  498    3   256   257   297
  499    3   298   297   257
  500    3   298   257   259
  501    3   257   258   259
  502    3   260   298   259
  503    3   299   298   260
  504    3   261   299   260
  505    3   300   299   261
  506    3   262   300   261
  507    3   262   301   300
  508    3   262   263   301
  509    3   263   302   301
  510    3   263   264   302
  511    3   303   302   264
  512    3   264   265   303
  513    3   265   304   303
  514    3   266   304   265
  515    3   266   305   304
  516    3   267   305   266
  517    3   267   306   305
  518    3   267   268   306
  519    3   306   268   269
  520    3   306   269   270
  521    3   270   307   306
  522    3   307   270   308
  523    3   271   308   270
  524    3   308   271   272
  525    3   309   308   272
  526    3   310   309   272
  527    3   310   272   273
  528    3   274   310   273
  529    3   311   310   274
  530    3   274   312   311
  531    3   274   275   312
  532    3   312   275   276
  533    3   276   313   312
  534    3   313   276   314
  535    3   277   314   276
  536    3   314   277   278
  537    3   314   278   315
  538    3   280   315   278
  539    3   278   279   280
  540    3   281   315   280
  541    3   316   315   281
  542    3   281   282   316
  543    3   316   282   317
  544    3   317   282   283
  545    3   283   318   317
  546    3   318   283   284
  547    3   284   319   318
  548    3   284   285   319
  549    3   285   320   319
  550    3   285   286   320
  551    3   286   321   320
  552    3   286   287   321
  553    3   287   322   321
  554    3   287   288   322
  555    3   322   288   289
  556    3   290   322   289
  557    3   322   290   323
  558    3   324   323   290
  559    3   324   290   291
  560    3   292   324   291
  561    3   325   324   292
  562    3   292   326   325
  563    3   293   326   292
  564    3   293   294   326
  565    3   326   294   327
  566    3   327   294   328
  567    3   294   295   328
  568    3   328   295   296
  569    3   329   328   296
  570    3   329   296   330
  571    3   330   296   297
  572    3   298   330   297
  573    3   299   330   298
  574    3   330   299   331
  575    3   331   299   300
  576    3   300   332   331
  577    3   300   301   332
  578    3   301   333   332
  579    3   301   302   333
  580    3   302   334   333
  581    3   303   334   302
  582    3   334   303   335
  583    3   303   304   335
  584    3   304   336   335
  585    3   305   336   304
  586    3   336   305   307
  587    3   306   307   305
  588    3   337   336   307
  589    3   337   307   308
  590    3   337   308   309
  591    3   309   338   337
  592    3   339   338   309
  593    3   310   339   309
  594    3   339   310   311
  595    3   340   339   311
  596    3   311   341   340
  597    3   341   311   312
  598    3   313   341   312
  599    3   313   342   341
  600    3   313   343   342
  601    3   314   343   313
  602    3   315   343   314
  603    3   343   315   316
  604    3   344   343   316
  605    3   344   316   317
  606    3   317   345   344
  607    3   317   318   345
  608    3   346   345   318
  609    3   318   319   346
  610    3   347   346   319
  611    3   319   320   347
  612    3   320   348   347
  613    3   320   321   348
  614    3   348   321   323
  615    3   322   323   321
  616    3   348   323   349
  617    3   323   324   349
  618    3   349   324   325
  619    3   349   325   350
  620    3   351   350   325
  621    3   325   326   351
  622    3   326   327   351
  623    3   351   327   352
  624    3   352   327   353
  625    3   327   328   353
  626    3   328   329   353
  627    3   353   329   354
  628    3   354   329   331
  629    3   329   330   331
  630    3   332   354   331
  631    3   355   354   332
  632    3   333   355   332
  633    3   355   333   356
  634    3   333   334   356
  635    3   356   334   357
  636    3   334   335   357
  637    3   358   357   335
  638    3   335   336   358
  639    3   337   358   336
  640    3   358   337   338
  641    3   358   338   359
  642    3   359   338   360
  643    3   338   339   360
  644    3   340   360   339
  645    3   340   361   360
  646    3   340   362   361
  647    3   362   340   341
  648    3   362   341   342
  649    3   362   342   363
  650    3   342   344   363
  651    3   343   344   342
  652    3   363   344   345
  653    3   363   345   364
  654    3   364   345   346
  655    3   364   346   365
  656    3   346   347   365
  657    3   366   365   347
  658    3   347   348   366
  659    3   349   366   348
  660    3   350   366   349
  661    3   366   350   367
  662    3   368   367   350
  663    3   350   351   368
  664    3   351   352   368
  665    3   369   368   352
  666    3   370   369   352
  667    3   352   353   370
  668    3   353   354   370
  669    3   370   354   355
  670    3   355   371   370
  671    3   356   371   355
  672    3   356   372   371
  673    3   356   357   372
  674    3   359   372   357
  675    3   357   358   359
  676    3   359   373   372
  677    3   359   360   373
  678    3   373   360   361
  679    3   361   374   373
  680    3   361   375   374
  681    3   361   362   375
  682    3   362   363   375
  683    3   375   363   364
  684    3   376   375   364
  685    3   376   364   365
  686    3   376   365   367
  687    3   367   365   366
  688    3   377   376   367
  689    3   368   377   367
  690    3   369   377   368
  691    3   369   378   377
  692    3   371   378   369
  693    3   369   370   371
  694    3   371   372   378
  695    3   373   378   372
  696    3   373   374   378
  697    3   377   378   374
  698    3   377   374   376
  699    3   374   375   376
0 = Number of open boundaries
0 = Total number of open boundary nodes
1 = Number of land boundaries
56 = Total number of land boundary nodes
56 10 = Number of nodes for land boundary 1
1
2
3
4
5
6
7
8
9
10
11
12
13
14
15
16
17
18
19
20
21
22
23
24
25
26
27
28
29
30
31
32
33
34
35
36
37
38
39
40
41
42
43
44
45
46
47
48
49
50
51
52
53
54
55
1
