0.000000 	 0.000001 
2.169075 	 0.028693 
2.934840 	 0.047453 
3.500172 	 0.063622 
3.964916 	 0.078297 
4.366781 	 0.091951 
4.724736 	 0.104841 
5.049878 	 0.117128 
5.349343 	 0.128922 
5.628034 	 0.140300 
5.889487 	 0.151322 
6.136349 	 0.162033 
6.370659 	 0.172468 
6.594031 	 0.182658 
6.807763 	 0.192625 
7.012917 	 0.202390 
7.210379 	 0.211971 
7.400894 	 0.221382 
7.585093 	 0.230636 
7.763522 	 0.239744 
7.936652 	 0.248716 
8.104893 	 0.257561 
8.268609 	 0.266286 
8.428117 	 0.274898 
8.583704 	 0.283403 
8.735622 	 0.291808 
8.884101 	 0.300117 
9.029346 	 0.308335 
9.171545 	 0.316467 
9.310865 	 0.324516 
9.447463 	 0.332486 
9.581480 	 0.340380 
9.713045 	 0.348202 
9.842278 	 0.355955 
9.969289 	 0.363640 
10.094180 	 0.371261 
10.217046 	 0.378820 
10.337975 	 0.386319 
10.457047 	 0.393761 
10.574341 	 0.401146 
10.689926 	 0.408478 
10.803869 	 0.415758 
10.916233 	 0.422987 
11.027078 	 0.430166 
11.136457 	 0.437299 
11.244423 	 0.444385 
11.351026 	 0.451426 
11.456311 	 0.458423 
11.560322 	 0.465379 
11.663101 	 0.472292 
11.764688 	 0.479166 
11.865118 	 0.486000 
11.964429 	 0.492796 
12.062653 	 0.499555 
12.159823 	 0.506278 
12.255969 	 0.512965 
12.351120 	 0.519617 
12.445304 	 0.526236 
12.538548 	 0.532821 
12.630877 	 0.539374 
12.722316 	 0.545896 
12.812887 	 0.552386 
12.902612 	 0.558846 
12.991514 	 0.565276 
13.079613 	 0.571677 
13.166927 	 0.578050 
13.253477 	 0.584395 
13.339280 	 0.590712 
13.424354 	 0.597002 
13.508715 	 0.603266 
13.592381 	 0.609504 
13.675365 	 0.615717 
13.757684 	 0.621904 
13.839351 	 0.628068 
13.920381 	 0.634207 
14.000788 	 0.640322 
14.080583 	 0.646414 
14.159781 	 0.652483 
14.238392 	 0.658530 
14.316430 	 0.664555 
14.393904 	 0.670558 
14.470827 	 0.676539 
14.547209 	 0.682499 
14.623060 	 0.688439 
14.698390 	 0.694358 
14.773209 	 0.700257 
14.847526 	 0.706137 
14.921351 	 0.711997 
14.994692 	 0.717837 
15.067559 	 0.723659 
15.139958 	 0.729462 
15.211900 	 0.735246 
15.283390 	 0.741013 
15.354438 	 0.746761 
15.425050 	 0.752492 
15.495234 	 0.758206 
15.564997 	 0.763902 
15.634345 	 0.769582 
15.703286 	 0.775244 
15.771826 	 0.780890 
15.839972 	 0.786520 
15.907728 	 0.792134 
15.975103 	 0.797732 
16.042100 	 0.803315 
16.108727 	 0.808881 
16.174989 	 0.814433 
16.240890 	 0.819969 
16.306438 	 0.825491 
16.371635 	 0.830998 
16.436489 	 0.836490 
16.501004 	 0.841968 
16.565183 	 0.847432 
16.629034 	 0.852881 
16.692559 	 0.858317 
16.755763 	 0.863739 
16.818652 	 0.869148 
16.881228 	 0.874543 
16.943497 	 0.879924 
17.005462 	 0.885293 
17.067128 	 0.890649 
17.128498 	 0.895991 
17.189577 	 0.901321 
17.250368 	 0.906639 
17.310874 	 0.911944 
17.371100 	 0.917237 
17.431049 	 0.922517 
17.490724 	 0.927786 
17.550129 	 0.933042 
17.609268 	 0.938287 
17.668142 	 0.943520 
17.726757 	 0.948741 
17.785114 	 0.953951 
17.843217 	 0.959150 
17.901069 	 0.964337 
17.958673 	 0.969514 
18.016032 	 0.974679 
18.073148 	 0.979833 
18.130025 	 0.984977 
18.186665 	 0.990109 
18.243071 	 0.995232 
18.299245 	 1.000343 
18.355190 	 1.005444 
18.410909 	 1.010535 
18.466404 	 1.015616 
18.521678 	 1.020686 
18.576733 	 1.025747 
18.631571 	 1.030797 
18.686194 	 1.035838 
18.740606 	 1.040869 
18.794808 	 1.045890 
18.848803 	 1.050901 
18.902592 	 1.055903 
18.956177 	 1.060896 
19.009562 	 1.065879 
19.062748 	 1.070852 
19.115736 	 1.075817 
19.168530 	 1.080772 
19.221130 	 1.085719 
19.273539 	 1.090656 
19.325759 	 1.095585 
19.377791 	 1.100504 
19.429638 	 1.105415 
19.481302 	 1.110317 
19.532783 	 1.115210 
19.584084 	 1.120095 
19.635206 	 1.124972 
19.686152 	 1.129840 
19.736922 	 1.134699 
19.787519 	 1.139550 
19.837944 	 1.144393 
19.888199 	 1.149228 
19.938285 	 1.154055 
19.988204 	 1.158874 
20.037958 	 1.163684 
20.087547 	 1.168487 
20.136974 	 1.173282 
20.186239 	 1.178069 
20.235345 	 1.182848 
20.284292 	 1.187620 
20.333083 	 1.192383 
20.381718 	 1.197140 
20.430198 	 1.201888 
20.478526 	 1.206630 
20.526702 	 1.211363 
20.574728 	 1.216090 
20.622605 	 1.220809 
20.670335 	 1.225521 
20.717917 	 1.230225 
20.765355 	 1.234923 
20.812649 	 1.239613 
20.859800 	 1.244296 
20.906809 	 1.248972 
20.953677 	 1.253641 
21.000407 	 1.258303 
21.046998 	 1.262959 
21.093452 	 1.267607 
21.139770 	 1.272249 
21.185953 	 1.276884 
21.232003 	 1.281512 
21.277919 	 1.286133 
21.323704 	 1.290748 
21.369359 	 1.295356 
21.414883 	 1.299958 
21.460279 	 1.304553 
21.505548 	 1.309142 
21.550689 	 1.313724 
21.595705 	 1.318300 
21.640597 	 1.322869 
21.685364 	 1.327433 
21.730009 	 1.331990 
21.774532 	 1.336540 
21.818933 	 1.341085 
21.863215 	 1.345623 
21.907377 	 1.350156 
21.951421 	 1.354682 
21.995348 	 1.359202 
22.039157 	 1.363716 
22.082852 	 1.368225 
22.126431 	 1.372727 
22.169896 	 1.377223 
22.213247 	 1.381714 
22.256487 	 1.386199 
22.299614 	 1.390677 
22.342631 	 1.395151 
22.385537 	 1.399618 
22.428335 	 1.404080 
22.471023 	 1.408536 
22.513604 	 1.412986 
22.556078 	 1.417431 
22.598445 	 1.421870 
22.640707 	 1.426304 
22.682864 	 1.430732 
22.724916 	 1.435155 
22.766865 	 1.439572 
22.808712 	 1.443984 
22.850456 	 1.448391 
22.892099 	 1.452792 
22.933641 	 1.457187 
22.975083 	 1.461578 
23.016426 	 1.465963 
23.057670 	 1.470344 
23.098816 	 1.474719 
23.139864 	 1.479088 
23.180816 	 1.483452 
23.221671 	 1.487810 
23.262431 	 1.492162 
23.303095 	 1.496509 
23.343666 	 1.500850 
23.384142 	 1.505185 
23.424526 	 1.509513 
23.464816 	 1.513836 
23.505015 	 1.518151 
23.545123 	 1.522460 
23.585139 	 1.526760 
23.625065 	 1.531053 
23.664902 	 1.535336 
23.704649 	 1.539610 
23.744308 	 1.543873 
23.783878 	 1.548125 
23.823361 	 1.552363 
23.862757 	 1.556586 
23.902067 	 1.560792 
23.941290 	 1.564980 
23.980428 	 1.569146 
24.019481 	 1.573288 
24.058450 	 1.577402 
24.097335 	 1.581485 
24.136136 	 1.585534 
24.174854 	 1.589544 
24.213491 	 1.593509 
24.252045 	 1.597426 
24.290517 	 1.601288 
24.328909 	 1.605089 
24.367220 	 1.608823 
24.405452 	 1.612483 
24.443603 	 1.616063 
24.481676 	 1.619555 
24.519671 	 1.622951 
24.557587 	 1.626246 
24.595426 	 1.629431 
24.633187 	 1.632499 
24.670872 	 1.635444 
24.708481 	 1.638260 
24.746014 	 1.640940 
24.783473 	 1.643479 
24.820856 	 1.645872 
24.858165 	 1.648117 
24.895401 	 1.650210 
24.932563 	 1.652150 
24.969653 	 1.653935 
25.006670 	 1.655565 
25.043616 	 1.657042 
25.080490 	 1.658367 
25.117294 	 1.659544 
25.154027 	 1.660578 
25.190691 	 1.661475 
25.227285 	 1.662239 
25.263811 	 1.662879 
25.300268 	 1.663400 
25.336657 	 1.663810 
25.372979 	 1.664118 
25.409234 	 1.664330 
25.445423 	 1.664454 
25.481546 	 1.664498 
25.517603 	 1.664469 
25.553596 	 1.664375 
25.589524 	 1.664223 
25.625388 	 1.664022 
25.661188 	 1.663777 
25.696926 	 1.663498 
25.732600 	 1.663194 
25.768213 	 1.662877 
25.803763 	 1.662561 
25.839253 	 1.662252 
25.874681 	 1.661955 
25.910049 	 1.661672 
25.945357 	 1.661404 
25.980606 	 1.661151 
26.015795 	 1.660913 
26.050925 	 1.660690 
26.085997 	 1.660479 
26.121011 	 1.660281 
26.155967 	 1.660095 
26.190866 	 1.659920 
26.225708 	 1.659756 
26.260494 	 1.659601 
26.295224 	 1.659456 
26.329898 	 1.659320 
26.364516 	 1.659191 
26.399079 	 1.659071 
26.433588 	 1.658958 
26.468042 	 1.658852 
26.502443 	 1.658752 
26.536789 	 1.658659 
26.571083 	 1.658573 
26.605323 	 1.658492 
26.639511 	 1.658416 
26.673646 	 1.658346 
26.707730 	 1.658281 
26.741762 	 1.658221 
26.775742 	 1.658166 
26.809671 	 1.658115 
26.843550 	 1.658068 
26.877378 	 1.658026 
26.911156 	 1.657988 
26.944884 	 1.657954 
26.978562 	 1.657923 
27.012191 	 1.657897 
27.045772 	 1.657874 
27.079303 	 1.657854 
27.112786 	 1.657838 
27.146221 	 1.657826 
27.179608 	 1.657817 
27.212948 	 1.657811 
27.246240 	 1.657808 
27.279485 	 1.657809 
27.312683 	 1.657813 
27.345835 	 1.657819 
27.378941 	 1.657828 
27.412000 	 1.657840 
27.445014 	 1.657854 
27.477982 	 1.657871 
27.510905 	 1.657889 
27.543783 	 1.657909 
27.576616 	 1.657930 
27.609405 	 1.657953 
27.642150 	 1.657976 
27.674850 	 1.658001 
27.707507 	 1.658026 
27.740120 	 1.658051 
27.772689 	 1.658076 
27.805216 	 1.658101 
27.837700 	 1.658125 
27.870141 	 1.658149 
27.902539 	 1.658172 
27.934895 	 1.658194 
27.967210 	 1.658215 
27.999482 	 1.658235 
28.031713 	 1.658253 
28.063903 	 1.658270 
28.096051 	 1.658285 
28.128159 	 1.658299 
28.160226 	 1.658311 
28.192252 	 1.658322 
28.224238 	 1.658331 
28.256184 	 1.658339 
28.288090 	 1.658346 
28.319956 	 1.658351 
28.351783 	 1.658354 
28.383570 	 1.658357 
28.415318 	 1.658358 
28.447028 	 1.658359 
28.478698 	 1.658358 
28.510330 	 1.658357 
28.541924 	 1.658355 
28.573479 	 1.658353 
28.604997 	 1.658350 
28.636476 	 1.658347 
28.667918 	 1.658344 
28.699323 	 1.658340 
28.730690 	 1.658337 
28.762020 	 1.658333 
28.793313 	 1.658330 
28.824570 	 1.658326 
28.855789 	 1.658323 
28.886973 	 1.658320 
28.918120 	 1.658317 
28.949231 	 1.658315 
28.980306 	 1.658313 
29.011346 	 1.658311 
29.042349 	 1.658309 
29.073318 	 1.658308 
29.104251 	 1.658307 
29.135149 	 1.658306 
29.166012 	 1.658305 
29.196841 	 1.658304 
29.227634 	 1.658304 
29.258393 	 1.658304 
29.289118 	 1.658304 
29.319809 	 1.658304 
29.350466 	 1.658304 
29.381089 	 1.658304 
29.411678 	 1.658303 
29.442233 	 1.658303 
29.472756 	 1.658303 
29.503245 	 1.658303 
29.533700 	 1.658302 
29.564123 	 1.658302 
29.594513 	 1.658301 
29.624870 	 1.658300 
29.655195 	 1.658299 
29.685487 	 1.658298 
29.715747 	 1.658297 
29.745975 	 1.658296 
29.776171 	 1.658295 
29.806335 	 1.658293 
29.836467 	 1.658292 
29.866568 	 1.658291 
29.896637 	 1.658289 
29.926675 	 1.658288 
29.956681 	 1.658287 
29.986657 	 1.658285 
30.016601 	 1.656432 
30.046515 	 1.653102 
30.076398 	 1.649780 
30.106251 	 1.646467 
30.136073 	 1.643162 
30.165866 	 1.639867 
30.195628 	 1.636580 
30.225361 	 1.633302 
30.255064 	 1.630033 
30.284738 	 1.626772 
30.314383 	 1.623520 
30.343999 	 1.620276 
30.373586 	 1.617041 
30.403144 	 1.613814 
30.432674 	 1.610596 
30.462176 	 1.607386 
30.491649 	 1.604184 
30.521094 	 1.600991 
30.550512 	 1.597805 
30.579902 	 1.594628 
30.609264 	 1.591459 
30.638599 	 1.588298 
30.667907 	 1.585145 
30.697188 	 1.582000 
30.726442 	 1.578863 
30.755669 	 1.575733 
30.784869 	 1.572612 
30.814043 	 1.569498 
30.843191 	 1.566392 
30.872313 	 1.563294 
30.901409 	 1.560203 
30.930478 	 1.557121 
30.959522 	 1.554045 
30.988541 	 1.550978 
31.017534 	 1.547917 
31.046502 	 1.544865 
31.075444 	 1.541820 
31.104362 	 1.538782 
31.133254 	 1.535752 
31.162122 	 1.532730 
31.190966 	 1.529715 
31.219785 	 1.526707 
31.248579 	 1.523706 
31.277349 	 1.520713 
31.306095 	 1.517728 
31.334817 	 1.514749 
31.363516 	 1.511778 
31.392190 	 1.508814 
31.420841 	 1.505858 
31.449469 	 1.502908 
31.478073 	 1.499966 
31.506654 	 1.497031 
31.535212 	 1.494104 
31.563747 	 1.491183 
31.592259 	 1.488269 
31.620748 	 1.485362 
31.649215 	 1.482463 
31.677659 	 1.479570 
31.706080 	 1.476685 
31.734480 	 1.473806 
31.762857 	 1.470934 
31.791212 	 1.468069 
31.819545 	 1.465211 
31.847857 	 1.462360 
31.876146 	 1.459515 
31.904414 	 1.456678 
31.932661 	 1.453847 
31.960886 	 1.451023 
31.989089 	 1.448205 
32.017272 	 1.445394 
32.045433 	 1.442590 
32.073574 	 1.439792 
32.101693 	 1.437001 
32.129792 	 1.434216 
32.157870 	 1.431438 
32.185928 	 1.428667 
32.213965 	 1.425902 
32.241981 	 1.423143 
32.269978 	 1.420391 
32.297954 	 1.417645 
32.325910 	 1.414906 
32.353846 	 1.412173 
32.381762 	 1.409446 
32.409659 	 1.406726 
32.437535 	 1.404012 
32.465392 	 1.401305 
32.493230 	 1.398603 
32.521048 	 1.395908 
32.548847 	 1.393219 
32.576626 	 1.390537 
32.604387 	 1.387861 
32.632128 	 1.385190 
32.659850 	 1.382526 
32.687554 	 1.379869 
32.715238 	 1.377217 
32.742904 	 1.374571 
32.770551 	 1.371932 
32.798180 	 1.369298 
32.825790 	 1.366671 
32.853382 	 1.364050 
32.880956 	 1.361434 
32.908511 	 1.358825 
32.936048 	 1.356222 
32.963567 	 1.353624 
32.991069 	 1.351033 
33.018552 	 1.348447 
33.046017 	 1.345867 
33.073465 	 1.343294 
33.100895 	 1.340726 
33.128308 	 1.338163 
33.155703 	 1.335607 
33.183081 	 1.333056 
33.210441 	 1.330512 
33.237784 	 1.327972 
33.265110 	 1.325439 
33.292419 	 1.322911 
33.319711 	 1.320389 
33.346986 	 1.317873 
33.374244 	 1.315362 
33.401485 	 1.312857 
33.428710 	 1.310358 
33.455917 	 1.307864 
33.483109 	 1.305376 
33.510283 	 1.302893 
33.537441 	 1.300416 
33.564583 	 1.297945 
33.591709 	 1.295479 
33.618818 	 1.293018 
33.645912 	 1.290563 
33.672989 	 1.288113 
33.700050 	 1.285669 
33.727095 	 1.283230 
33.754124 	 1.280797 
33.781137 	 1.278369 
33.808135 	 1.275947 
33.835117 	 1.273530 
33.862083 	 1.271118 
33.889034 	 1.268711 
33.915970 	 1.266310 
33.942889 	 1.263914 
33.969794 	 1.261524 
33.996683 	 1.259139 
34.023557 	 1.256759 
34.050416 	 1.254384 
34.077260 	 1.252015 
34.104088 	 1.249651 
34.130902 	 1.247292 
34.157701 	 1.244938 
34.184485 	 1.242589 
34.211254 	 1.240246 
34.238008 	 1.237907 
34.264748 	 1.235574 
34.291473 	 1.233246 
34.318183 	 1.230923 
34.344879 	 1.228605 
34.371561 	 1.226292 
34.398228 	 1.223984 
34.424881 	 1.221682 
34.451519 	 1.219384 
34.478144 	 1.217091 
34.504754 	 1.214803 
34.531350 	 1.212521 
34.557932 	 1.210243 
34.584500 	 1.207970 
34.611054 	 1.205702 
34.637595 	 1.203439 
34.664121 	 1.201181 
34.690634 	 1.198928 
34.717133 	 1.196679 
34.743618 	 1.194436 
34.770090 	 1.192197 
34.796548 	 1.189963 
34.822993 	 1.187734 
34.849424 	 1.185510 
34.875842 	 1.183291 
34.902246 	 1.181076 
34.928637 	 1.178866 
34.955015 	 1.176661 
34.981380 	 1.174461 
35.007732 	 1.172265 
35.034070 	 1.170074 
35.060396 	 1.167888 
35.086708 	 1.165707 
35.113008 	 1.163530 
35.139295 	 1.161358 
35.165569 	 1.159191 
35.191830 	 1.157028 
35.218078 	 1.154870 
35.244314 	 1.152716 
35.270537 	 1.150567 
35.296747 	 1.148423 
35.322945 	 1.146283 
35.349131 	 1.144148 
35.375304 	 1.142018 
35.401464 	 1.139892 
35.427612 	 1.137770 
35.453748 	 1.135653 
35.479872 	 1.133541 
35.505983 	 1.131433 
35.532082 	 1.129329 
35.558169 	 1.127230 
35.584244 	 1.125136 
35.610307 	 1.123046 
35.636358 	 1.120960 
35.662397 	 1.118879 
35.688424 	 1.116802 
35.714440 	 1.114730 
35.740443 	 1.112662 
35.766435 	 1.110598 
35.792415 	 1.108539 
35.818383 	 1.106484 
35.844339 	 1.104433 
35.870284 	 1.102387 
35.896218 	 1.100345 
35.922140 	 1.098308 
35.948050 	 1.096274 
35.973949 	 1.094245 
35.999837 	 1.092221 
36.025713 	 1.090200 
36.051578 	 1.088184 
36.077431 	 1.086172 
36.103274 	 1.084164 
36.129105 	 1.082161 
36.154925 	 1.080162 
36.180734 	 1.078166 
36.206532 	 1.076176 
36.232319 	 1.074189 
36.258094 	 1.072206 
36.283859 	 1.070228 
36.309613 	 1.068254 
36.335356 	 1.066284 
36.361089 	 1.064318 
36.386810 	 1.062356 
36.412521 	 1.060398 
36.438221 	 1.058445 
36.463910 	 1.056495 
36.489588 	 1.054550 
36.515256 	 1.052608 
36.540914 	 1.050671 
36.566561 	 1.048738 
36.592197 	 1.046809 
36.617823 	 1.044883 
36.643438 	 1.042962 
36.669043 	 1.041045 
36.694638 	 1.039132 
36.720223 	 1.037223 
36.745797 	 1.035318 
36.771360 	 1.033417 
36.796914 	 1.031519 
36.822458 	 1.029626 
36.847991 	 1.027737 
36.873514 	 1.025851 
36.899027 	 1.023970 
36.924530 	 1.022092 
36.950023 	 1.020219 
36.975506 	 1.018349 
37.000979 	 1.016483 
37.026443 	 1.014621 
37.051896 	 1.012763 
37.077339 	 1.010908 
37.102773 	 1.009058 
37.128197 	 1.007211 
37.153611 	 1.005368 
37.179016 	 1.003529 
37.204410 	 1.001694 
37.229796 	 0.999863 
37.255171 	 0.998035 
37.280537 	 0.996211 
37.305893 	 0.994391 
37.331240 	 0.992575 
37.356578 	 0.990763 
37.381906 	 0.988954 
37.407224 	 0.987149 
37.432533 	 0.985347 
37.457833 	 0.983550 
37.483124 	 0.981756 
37.508405 	 0.979966 
37.533677 	 0.978179 
37.558939 	 0.976396 
37.584193 	 0.974617 
37.609437 	 0.972841 
37.634672 	 0.971070 
37.659898 	 0.969301 
37.685115 	 0.967537 
37.710323 	 0.965776 
37.735522 	 0.964019 
37.760711 	 0.962265 
37.785892 	 0.960515 
37.811064 	 0.958768 
37.836227 	 0.957025 
37.861381 	 0.955286 
37.886526 	 0.953550 
37.911663 	 0.951818 
37.936790 	 0.950090 
37.961909 	 0.948365 
37.987019 	 0.946643 
38.012121 	 0.944925 
38.037214 	 0.943210 
38.062298 	 0.941500 
38.087373 	 0.939792 
38.112440 	 0.938088 
38.137498 	 0.936388 
38.162548 	 0.934691 
38.187589 	 0.932997 
38.212622 	 0.931307 
38.237646 	 0.929620 
38.262662 	 0.927937 
38.287669 	 0.926258 
38.312668 	 0.924581 
38.337659 	 0.922908 
38.362641 	 0.921239 
38.387615 	 0.919573 
38.412581 	 0.917910 
38.437538 	 0.916251 
38.462487 	 0.914595 
38.487428 	 0.912943 
38.512361 	 0.911294 
38.537286 	 0.909648 
38.562202 	 0.908006 
38.587111 	 0.906367 
38.612011 	 0.904731 
38.636903 	 0.903098 
38.661787 	 0.901469 
38.686664 	 0.899844 
38.711532 	 0.898221 
38.736392 	 0.896602 
38.761245 	 0.894986 
38.786089 	 0.893374 
38.810926 	 0.891765 
38.835755 	 0.890159 
38.860576 	 0.888556 
38.885389 	 0.886956 
38.910194 	 0.885360 
38.934992 	 0.883767 
38.959781 	 0.882178 
38.984564 	 0.880591 
39.009338 	 0.879008 
39.034105 	 0.877428 
39.058864 	 0.875851 
39.083615 	 0.874277 
39.108359 	 0.872707 
39.133096 	 0.871139 
39.157824 	 0.869575 
39.182546 	 0.868014 
39.207259 	 0.866456 
39.231965 	 0.864902 
39.256664 	 0.863350 
39.281356 	 0.861802 
39.306040 	 0.860257 
39.330716 	 0.858715 
39.355385 	 0.857176 
39.380047 	 0.855640 
39.404702 	 0.854107 
39.429349 	 0.852578 
39.453989 	 0.851051 
39.478621 	 0.849528 
39.503247 	 0.848007 
39.527865 	 0.846490 
39.552476 	 0.844976 
39.577079 	 0.843465 
39.601676 	 0.841957 
39.626266 	 0.840451 
39.650848 	 0.838949 
39.675423 	 0.837450 
39.699991 	 0.835954 
39.724553 	 0.834462 
39.749107 	 0.832972 
39.773654 	 0.831485 
39.798194 	 0.830001 
39.822727 	 0.828520 
39.847253 	 0.827042 
39.871773 	 0.825567 
39.896285 	 0.824095 
39.920790 	 0.822626 
39.945289 	 0.821160 
39.969781 	 0.819697 
39.994266 	 0.818237 
40.018744 	 0.816779 
40.043215 	 0.815325 
40.067680 	 0.813874 
40.092137 	 0.812425 
40.116588 	 0.810980 
40.141033 	 0.809537 
40.165471 	 0.808097 
40.189901 	 0.806660 
40.214326 	 0.805227 
40.238744 	 0.803795 
40.263155 	 0.802367 
40.287559 	 0.800942 
40.311957 	 0.799520 
40.336348 	 0.798100 
40.360733 	 0.796683 
40.385111 	 0.795269 
40.409483 	 0.793858 
40.433848 	 0.792450 
40.458207 	 0.791045 
40.482560 	 0.789642 
40.506906 	 0.788242 
40.531245 	 0.786845 
40.555578 	 0.785451 
40.579905 	 0.784060 
40.604225 	 0.782671 
40.628539 	 0.781286 
40.652847 	 0.779903 
40.677149 	 0.778522 
40.701444 	 0.777145 
40.725733 	 0.775770 
40.750015 	 0.774398 
40.774292 	 0.773029 
40.798562 	 0.771663 
40.822826 	 0.770299 
40.847084 	 0.768938 
40.871335 	 0.767580 
40.895581 	 0.766224 
40.919820 	 0.764871 
40.944053 	 0.763521 
40.968280 	 0.762174 
40.992501 	 0.760829 
41.016716 	 0.759487 
41.040925 	 0.758148 
41.065128 	 0.756811 
41.089325 	 0.755477 
41.113516 	 0.754146 
41.137701 	 0.752817 
41.161880 	 0.751491 
41.186053 	 0.750168 
41.210220 	 0.748847 
41.234381 	 0.747529 
41.258536 	 0.746214 
41.282686 	 0.744901 
41.306829 	 0.743591 
41.330967 	 0.742283 
41.355098 	 0.740978 
41.379224 	 0.739676 
41.403345 	 0.738376 
41.427459 	 0.737079 
41.451568 	 0.735784 
41.475671 	 0.734492 
41.499768 	 0.733203 
41.523859 	 0.731916 
41.547945 	 0.730632 
41.572025 	 0.729350 
41.596099 	 0.728071 
41.620168 	 0.726794 
41.644231 	 0.725520 
41.668288 	 0.724249 
41.692340 	 0.722980 
41.716386 	 0.721713 
41.740427 	 0.720449 
41.764462 	 0.719188 
41.788491 	 0.717929 
41.812515 	 0.716673 
41.836533 	 0.715419 
41.860546 	 0.714167 
41.884554 	 0.712918 
41.908555 	 0.711672 
41.932552 	 0.710428 
41.956543 	 0.709187 
41.980528 	 0.707948 
42.004508 	 0.706711 
42.028483 	 0.705477 
42.052452 	 0.704245 
42.076416 	 0.703016 
42.100375 	 0.701789 
42.124328 	 0.700565 
42.148276 	 0.699343 
42.172218 	 0.698124 
42.196155 	 0.696907 
42.220087 	 0.695692 
42.244014 	 0.694480 
42.267935 	 0.693270 
42.291851 	 0.692063 
42.315762 	 0.690858 
42.339668 	 0.689655 
42.363568 	 0.688455 
42.387463 	 0.687258 
42.411353 	 0.686062 
42.435238 	 0.684869 
42.459117 	 0.683678 
42.482992 	 0.682490 
42.506861 	 0.681304 
42.530726 	 0.680121 
42.554585 	 0.678939 
42.578439 	 0.677760 
42.602288 	 0.676584 
42.626132 	 0.675410 
42.649970 	 0.674238 
42.673804 	 0.673068 
42.697633 	 0.671901 
42.721457 	 0.670736 
42.745275 	 0.669573 
42.769089 	 0.668413 
42.792898 	 0.667255 
42.816702 	 0.666099 
42.840501 	 0.664946 
42.864294 	 0.663794 
42.888083 	 0.662646 
42.911867 	 0.661499 
42.935647 	 0.660355 
42.959421 	 0.659212 
42.983190 	 0.658073 
43.006955 	 0.656935 
43.030715 	 0.655800 
43.054469 	 0.654667 
43.078219 	 0.653536 
43.101965 	 0.652407 
43.125705 	 0.651281 
43.149441 	 0.650157 
43.173171 	 0.649035 
43.196897 	 0.647915 
43.220619 	 0.646798 
43.244335 	 0.645683 
43.268047 	 0.644570 
43.291754 	 0.643459 
43.315457 	 0.642350 
43.339154 	 0.641244 
43.362847 	 0.640139 
43.386536 	 0.639037 
43.410219 	 0.637937 
43.433898 	 0.636840 
43.457573 	 0.635744 
43.481242 	 0.634651 
43.504908 	 0.633559 
43.528568 	 0.632470 
43.552224 	 0.631383 
43.575876 	 0.630298 
43.599522 	 0.629216 
43.623165 	 0.628135 
43.646802 	 0.627057 
43.670435 	 0.625981 
43.694064 	 0.624907 
43.717688 	 0.623835 
43.741308 	 0.622765 
43.764923 	 0.621697 
43.788534 	 0.620631 
43.812140 	 0.619568 
43.835742 	 0.618506 
43.859339 	 0.617447 
43.882932 	 0.616389 
43.906520 	 0.615334 
43.930104 	 0.614281 
43.953684 	 0.613230 
43.977259 	 0.612181 
44.000830 	 0.611134 
44.024397 	 0.610089 
44.047959 	 0.609046 
44.071517 	 0.608006 
44.095070 	 0.606967 
44.118619 	 0.605930 
44.142164 	 0.604896 
44.165704 	 0.603863 
44.189241 	 0.602832 
44.212773 	 0.601804 
44.236300 	 0.600777 
44.259824 	 0.599753 
44.283343 	 0.598731 
44.306858 	 0.597710 
44.330368 	 0.596692 
44.353875 	 0.595675 
44.377377 	 0.594661 
44.400875 	 0.593648 
44.424369 	 0.592638 
44.447859 	 0.591629 
44.471344 	 0.590623 
44.494825 	 0.589618 
44.518303 	 0.588616 
44.541776 	 0.587615 
44.565244 	 0.586617 
44.588709 	 0.585620 
44.612170 	 0.584625 
44.635626 	 0.583633 
44.659079 	 0.582642 
44.682527 	 0.581653 
44.705972 	 0.580666 
44.729412 	 0.579681 
44.752848 	 0.578698 
44.776280 	 0.577717 
44.799708 	 0.576738 
44.823132 	 0.575761 
44.846552 	 0.574786 
44.869968 	 0.573812 
44.893381 	 0.572841 
44.916789 	 0.571871 
44.940193 	 0.570903 
44.963593 	 0.569938 
44.986989 	 0.568974 
45.010381 	 0.568012 
45.033770 	 0.567052 
45.057154 	 0.566093 
45.080534 	 0.565137 
45.103911 	 0.564183 
45.127284 	 0.563230 
45.150652 	 0.562279 
45.174017 	 0.561330 
45.197378 	 0.560383 
45.220735 	 0.559438 
45.244089 	 0.558495 
45.267438 	 0.557554 
45.290784 	 0.556614 
45.314125 	 0.555676 
45.337463 	 0.554740 
45.360797 	 0.553806 
45.384128 	 0.552874 
45.407454 	 0.551943 
45.430777 	 0.551015 
45.454096 	 0.550088 
45.477411 	 0.549163 
45.500722 	 0.548240 
45.524030 	 0.547318 
45.547334 	 0.546399 
45.570634 	 0.545481 
45.593931 	 0.544565 
45.617224 	 0.543651 
45.640513 	 0.542738 
45.663798 	 0.541828 
45.687080 	 0.540919 
45.710358 	 0.540012 
45.733632 	 0.539107 
45.756903 	 0.538203 
45.780170 	 0.537301 
45.803433 	 0.536401 
45.826693 	 0.535503 
45.849949 	 0.534607 
45.873201 	 0.533712 
45.896450 	 0.532819 
45.919695 	 0.531928 
45.942937 	 0.531038 
45.966175 	 0.530150 
45.989409 	 0.529264 
46.012640 	 0.528380 
46.035868 	 0.527498 
46.059091 	 0.526617 
46.082312 	 0.525738 
46.105528 	 0.524860 
46.128742 	 0.523984 
46.151951 	 0.523110 
46.175157 	 0.522238 
46.198360 	 0.521368 
46.221559 	 0.520499 
46.244755 	 0.519631 
46.267947 	 0.518766 
46.291135 	 0.517902 
46.314321 	 0.517040 
46.337502 	 0.516179 
46.360681 	 0.515321 
46.383855 	 0.514464 
46.407027 	 0.513608 
46.430195 	 0.512754 
46.453359 	 0.511902 
46.476521 	 0.511052 
46.499678 	 0.510203 
46.522833 	 0.509356 
46.545983 	 0.508510 
46.569131 	 0.507667 
46.592275 	 0.506824 
46.615416 	 0.505984 
46.638553 	 0.505145 
46.661688 	 0.504308 
46.684818 	 0.503472 
46.707946 	 0.502638 
46.731070 	 0.501805 
46.754191 	 0.500975 
46.777308 	 0.500145 
46.800422 	 0.499318 
46.823533 	 0.498492 
46.846640 	 0.497668 
46.869745 	 0.496845 
46.892846 	 0.496024 
46.915943 	 0.495204 
46.939038 	 0.494386 
46.962129 	 0.493570 
46.985217 	 0.492755 
47.008302 	 0.491942 
47.031383 	 0.491130 
47.054461 	 0.490320 
47.077536 	 0.489511 
47.100608 	 0.488705 
47.123677 	 0.487899 
47.146742 	 0.487095 
47.169804 	 0.486293 
47.192863 	 0.485492 
47.215919 	 0.484693 
47.238972 	 0.483896 
47.262021 	 0.483100 
47.285067 	 0.482305 
47.308110 	 0.481512 
47.331151 	 0.480721 
47.354187 	 0.479931 
47.377221 	 0.479143 
47.400252 	 0.478356 
47.423279 	 0.477571 
47.446304 	 0.476787 
47.469325 	 0.476005 
47.492343 	 0.475224 
47.515358 	 0.474445 
47.538370 	 0.473667 
47.561379 	 0.472891 
47.584385 	 0.472116 
47.607388 	 0.471343 
47.630388 	 0.470571 
47.653384 	 0.469801 
47.676378 	 0.469032 
47.699369 	 0.468265 
47.722356 	 0.467499 
47.745341 	 0.466735 
47.768322 	 0.465972 
47.791301 	 0.465211 
47.814276 	 0.464451 
47.837249 	 0.463693 
47.860219 	 0.462936 
47.883185 	 0.462180 
47.906149 	 0.461426 
47.929109 	 0.460674 
47.952067 	 0.459923 
47.975022 	 0.459173 
47.997973 	 0.458425 
48.020922 	 0.457678 
48.043868 	 0.456933 
48.066811 	 0.456189 
48.089751 	 0.455447 
48.112688 	 0.454706 
48.135622 	 0.453966 
48.158553 	 0.453228 
48.181482 	 0.452491 
48.204407 	 0.451756 
48.227330 	 0.451022 
48.250249 	 0.450290 
48.273166 	 0.449559 
48.296080 	 0.448829 
48.318991 	 0.448101 
48.341899 	 0.447374 
48.364805 	 0.446649 
48.387707 	 0.445925 
48.410607 	 0.445202 
48.433504 	 0.444481 
48.456398 	 0.443761 
48.479289 	 0.443042 
48.502177 	 0.442325 
48.525063 	 0.441610 
48.547945 	 0.440895 
48.570825 	 0.440182 
48.593702 	 0.439471 
48.616577 	 0.438761 
48.639448 	 0.438052 
48.662317 	 0.437344 
48.685183 	 0.436638 
48.708046 	 0.435934 
48.730907 	 0.435230 
48.753765 	 0.434528 
48.776620 	 0.433827 
48.799472 	 0.433128 
48.822321 	 0.432430 
48.845168 	 0.431734 
48.868012 	 0.431038 
48.890853 	 0.430344 
48.913692 	 0.429652 
48.936528 	 0.428960 
48.959361 	 0.428270 
48.982192 	 0.427582 
49.005020 	 0.426894 
49.027845 	 0.426208 
49.050667 	 0.425524 
49.073487 	 0.424840 
49.096304 	 0.424158 
49.119118 	 0.423477 
49.141930 	 0.422798 
49.164739 	 0.422120 
49.187546 	 0.421443 
49.210350 	 0.420767 
49.233151 	 0.420093 
49.255950 	 0.419420 
49.278745 	 0.418748 
49.301539 	 0.418078 
49.324330 	 0.417409 
49.347118 	 0.416741 
49.369903 	 0.416075 
49.392686 	 0.415409 
49.415466 	 0.414745 
49.438244 	 0.414083 
49.461019 	 0.413421 
49.483792 	 0.412761 
49.506562 	 0.412102 
49.529329 	 0.411444 
49.552094 	 0.410788 
49.574857 	 0.410133 
49.597616 	 0.409479 
49.620374 	 0.408826 
49.643128 	 0.408175 
49.665880 	 0.407525 
49.688630 	 0.406876 
49.711377 	 0.406228 
49.734122 	 0.405582 
49.756864 	 0.404936 
49.779603 	 0.404292 
49.802340 	 0.403650 
49.825075 	 0.403008 
49.847807 	 0.402368 
49.870537 	 0.401729 
49.893264 	 0.401091 
49.915988 	 0.400454 
49.938710 	 0.399819 
49.961430 	 0.399185 
49.984147 	 0.398552 
50.006862 	 0.397920 
50.029574 	 0.397289 
50.052284 	 0.396660 
50.074992 	 0.396032 
50.097697 	 0.395405 
50.120399 	 0.394779 
50.143099 	 0.394155 
50.165797 	 0.393531 
50.188492 	 0.392909 
50.211185 	 0.392288 
50.233875 	 0.391668 
50.256563 	 0.391049 
50.279249 	 0.390432 
50.301932 	 0.389816 
50.324613 	 0.389200 
50.347292 	 0.388586 
50.369968 	 0.387974 
50.392641 	 0.387362 
50.415313 	 0.386752 
50.437982 	 0.386142 
50.460648 	 0.385534 
50.483312 	 0.384927 
50.505974 	 0.384321 
50.528634 	 0.383717 
50.551291 	 0.383113 
50.573946 	 0.382511 
50.596598 	 0.381909 
50.619249 	 0.381309 
50.641896 	 0.380710 
50.664542 	 0.380113 
50.687185 	 0.379516 
50.709826 	 0.378920 
50.732465 	 0.378326 
50.755101 	 0.377733 
50.777735 	 0.377140 
50.800367 	 0.376549 
50.822996 	 0.375959 
50.845623 	 0.375371 
50.868248 	 0.374783 
50.890871 	 0.374196 
50.913491 	 0.373611 
50.936109 	 0.373026 
50.958725 	 0.372443 
50.981338 	 0.371861 
51.003950 	 0.371280 
51.026559 	 0.370700 
51.049166 	 0.370121 
51.071770 	 0.369543 
51.094372 	 0.368967 
51.116973 	 0.368391 
51.139570 	 0.367817 
51.162166 	 0.367243 
51.184759 	 0.366671 
51.207351 	 0.366100 
51.229940 	 0.365530 
51.252526 	 0.364960 
51.275111 	 0.364392 
51.297693 	 0.363826 
51.320274 	 0.363260 
51.342852 	 0.362695 
51.365428 	 0.362131 
51.388001 	 0.361569 
51.410573 	 0.361007 
51.433142 	 0.360446 
51.455709 	 0.359887 
51.478274 	 0.359329 
51.500837 	 0.358771 
51.523398 	 0.358215 
51.545956 	 0.357660 
51.568512 	 0.357105 
51.591067 	 0.356552 
51.613619 	 0.356000 
51.636169 	 0.355449 
51.658717 	 0.354899 
51.681262 	 0.354350 
51.703806 	 0.353802 
51.726347 	 0.353255 
51.748887 	 0.352709 
51.771424 	 0.352164 
51.793959 	 0.351620 
51.816492 	 0.351077 
51.839023 	 0.350536 
51.861552 	 0.349995 
51.884079 	 0.349455 
51.906603 	 0.348916 
51.929126 	 0.348379 
51.951647 	 0.347842 
51.974165 	 0.347306 
51.996681 	 0.346771 
52.019196 	 0.346238 
52.041708 	 0.345705 
52.064218 	 0.345173 
52.086726 	 0.344642 
52.109232 	 0.344113 
52.131736 	 0.343584 
52.154238 	 0.343056 
52.176738 	 0.342530 
52.199236 	 0.342004 
52.221732 	 0.341479 
52.244226 	 0.340955 
52.266718 	 0.340432 
52.289208 	 0.339911 
52.311696 	 0.339390 
52.334182 	 0.338870 
52.356665 	 0.338351 
52.379147 	 0.337833 
52.401627 	 0.337316 
52.424105 	 0.336800 
52.446581 	 0.336285 
52.469054 	 0.335771 
52.491526 	 0.335258 
52.513996 	 0.334746 
52.536464 	 0.334235 
52.558930 	 0.333724 
52.581394 	 0.333215 
52.603856 	 0.332707 
52.626316 	 0.332199 
52.648774 	 0.331693 
52.671230 	 0.331188 
52.693684 	 0.330683 
52.716137 	 0.330179 
52.738587 	 0.329677 
52.761035 	 0.329175 
52.783481 	 0.328674 
52.805926 	 0.328175 
52.828368 	 0.327676 
52.850809 	 0.327178 
52.873248 	 0.326681 
52.895685 	 0.326185 
52.918119 	 0.325689 
52.940552 	 0.325195 
52.962983 	 0.324702 
52.985412 	 0.324209 
53.007840 	 0.323718 
53.030265 	 0.323227 
53.052688 	 0.322738 
53.075110 	 0.322249 
53.097530 	 0.321761 
53.119947 	 0.321274 
53.142363 	 0.320788 
53.164777 	 0.320303 
53.187190 	 0.319819 
53.209600 	 0.319335 
53.232008 	 0.318853 
53.254415 	 0.318371 
53.276819 	 0.317891 
53.299222 	 0.317411 
53.321623 	 0.316932 
53.344022 	 0.316454 
53.366420 	 0.315977 
53.388815 	 0.315501 
53.411209 	 0.315025 
53.433600 	 0.314551 
53.455990 	 0.314077 
53.478379 	 0.313605 
53.500765 	 0.313133 
53.523149 	 0.312662 
53.545532 	 0.312192 
53.567913 	 0.311723 
53.590292 	 0.311255 
53.612669 	 0.310787 
53.635044 	 0.310321 
53.657418 	 0.309855 
53.679790 	 0.309390 
53.702160 	 0.308926 
53.724528 	 0.308463 
53.746894 	 0.308001 
53.769259 	 0.307539 
53.791622 	 0.307079 
53.813983 	 0.306619 
53.836342 	 0.306160 
53.858700 	 0.305702 
53.881056 	 0.305245 
53.903410 	 0.304789 
53.925762 	 0.304333 
53.948112 	 0.303879 
53.970461 	 0.303425 
53.992808 	 0.302972 
54.015153 	 0.302520 
54.037497 	 0.302068 
54.059838 	 0.301618 
54.082178 	 0.301168 
54.104517 	 0.300720 
54.126853 	 0.300272 
54.149188 	 0.299825 
54.171521 	 0.299378 
54.193852 	 0.298933 
54.216182 	 0.298488 
54.238510 	 0.298044 
54.260836 	 0.297601 
54.283160 	 0.297159 
54.305483 	 0.296718 
54.327804 	 0.296277 
54.350124 	 0.295837 
54.372441 	 0.295398 
54.394757 	 0.294960 
54.417071 	 0.294523 
54.439384 	 0.294086 
54.461695 	 0.293651 
54.484004 	 0.293216 
54.506311 	 0.292781 
54.528617 	 0.292348 
54.550921 	 0.291916 
54.573224 	 0.291484 
54.595525 	 0.291053 
54.617824 	 0.290623 
54.640121 	 0.290193 
54.662417 	 0.289765 
54.684711 	 0.289337 
54.707004 	 0.288910 
54.729294 	 0.288484 
54.751584 	 0.288058 
54.773871 	 0.287634 
54.796157 	 0.287210 
54.818441 	 0.286787 
54.840724 	 0.286364 
54.863005 	 0.285943 
54.885284 	 0.285522 
54.907562 	 0.285102 
54.929838 	 0.284683 
54.952112 	 0.284264 
54.974385 	 0.283846 
54.996657 	 0.283429 
55.018926 	 0.283013 
55.041194 	 0.282598 
55.063461 	 0.282183 
55.085725 	 0.281769 
55.107988 	 0.281356 
55.130250 	 0.280944 
55.152510 	 0.280532 
55.174768 	 0.280121 
55.197025 	 0.279711 
55.219280 	 0.279301 
55.241534 	 0.278893 
55.263786 	 0.278485 
55.286036 	 0.278078 
55.308285 	 0.277671 
55.330533 	 0.277266 
55.352778 	 0.276861 
55.375022 	 0.276456 
55.397265 	 0.276053 
55.419506 	 0.275650 
55.441745 	 0.275248 
55.463983 	 0.274847 
55.486220 	 0.274446 
55.508454 	 0.274046 
55.530688 	 0.273647 
55.552919 	 0.273249 
55.575149 	 0.272851 
55.597378 	 0.272454 
55.619605 	 0.272058 
55.641831 	 0.271663 
55.664055 	 0.271268 
55.686277 	 0.270874 
55.708498 	 0.270481 
55.730717 	 0.270088 
55.752935 	 0.269696 
55.775152 	 0.269305 
55.797366 	 0.268914 
55.819580 	 0.268525 
55.841791 	 0.268136 
55.864002 	 0.267747 
55.886210 	 0.267360 
55.908418 	 0.266973 
55.930623 	 0.266586 
55.952828 	 0.266201 
55.975030 	 0.265816 
55.997232 	 0.265432 
56.019431 	 0.265048 
56.041630 	 0.264666 
56.063826 	 0.264284 
56.086022 	 0.263902 
56.108216 	 0.263521 
56.130408 	 0.263141 
56.152599 	 0.262762 
56.174788 	 0.262383 
56.196976 	 0.262006 
56.219162 	 0.261628 
56.241347 	 0.261252 
56.263531 	 0.260876 
56.285713 	 0.260501 
56.307893 	 0.260126 
56.330073 	 0.259752 
56.352250 	 0.259379 
56.374426 	 0.259006 
56.396601 	 0.258635 
56.418774 	 0.258263 
56.440946 	 0.257893 
56.463117 	 0.257523 
56.485286 	 0.257154 
56.507453 	 0.256785 
56.529619 	 0.256417 
56.551784 	 0.256050 
56.573947 	 0.255684 
56.596109 	 0.255318 
56.618269 	 0.254953 
56.640428 	 0.254588 
56.662586 	 0.254224 
56.684742 	 0.253861 
56.706897 	 0.253498 
56.729050 	 0.253136 
56.751202 	 0.252775 
56.773352 	 0.252414 
56.795501 	 0.252054 
56.817649 	 0.251695 
56.839795 	 0.251336 
56.861940 	 0.250978 
56.884083 	 0.250621 
56.906225 	 0.250264 
56.928366 	 0.249908 
56.950505 	 0.249552 
56.972643 	 0.249198 
56.994780 	 0.248843 
57.016915 	 0.248490 
57.039048 	 0.248137 
57.061181 	 0.247784 
57.083312 	 0.247433 
57.105441 	 0.247082 
57.127569 	 0.246731 
57.149696 	 0.246381 
57.171822 	 0.246032 
57.193946 	 0.245684 
57.216069 	 0.245336 
57.238190 	 0.244988 
57.260310 	 0.244642 
57.282429 	 0.244296 
57.304546 	 0.243950 
57.326662 	 0.243605 
57.348777 	 0.243261 
57.370890 	 0.242917 
57.393002 	 0.242574 
57.415112 	 0.242232 
57.437222 	 0.241890 
57.459329 	 0.241549 
57.481436 	 0.241208 
57.503541 	 0.240868 
57.525645 	 0.240529 
57.547748 	 0.240190 
57.569849 	 0.239852 
57.591949 	 0.239515 
57.614047 	 0.239178 
57.636145 	 0.238841 
57.658240 	 0.238506 
57.680335 	 0.238170 
57.702428 	 0.237836 
57.724520 	 0.237502 
57.746611 	 0.237169 
57.768700 	 0.236836 
57.790789 	 0.236504 
57.812875 	 0.236172 
57.834961 	 0.235841 
57.857045 	 0.235511 
57.879128 	 0.235181 
57.901209 	 0.234851 
57.923290 	 0.234523 
57.945369 	 0.234195 
57.967446 	 0.233867 
57.989523 	 0.233540 
58.011598 	 0.233214 
58.033672 	 0.232888 
58.055744 	 0.232563 
58.077815 	 0.232238 
58.099885 	 0.231914 
58.121954 	 0.231591 
58.144022 	 0.231268 
58.166088 	 0.230946 
58.188153 	 0.230624 
58.210216 	 0.230303 
58.232279 	 0.229982 
58.254340 	 0.229662 
58.276400 	 0.229343 
58.298458 	 0.229024 
58.320516 	 0.228705 
58.342572 	 0.228387 
58.364627 	 0.228070 
58.386680 	 0.227754 
58.408733 	 0.227437 
58.430784 	 0.227122 
58.452833 	 0.226807 
58.474882 	 0.226492 
58.496929 	 0.226178 
58.518976 	 0.225865 
58.541020 	 0.225552 
58.563064 	 0.225240 
58.585107 	 0.224928 
58.607148 	 0.224617 
58.629188 	 0.224307 
58.651226 	 0.223997 
58.673264 	 0.223687 
58.695300 	 0.223378 
58.717335 	 0.223070 
58.739369 	 0.222762 
58.761402 	 0.222454 
58.783433 	 0.222148 
58.805464 	 0.221841 
58.827493 	 0.221536 
58.849520 	 0.221230 
58.871547 	 0.220926 
58.893572 	 0.220622 
58.915596 	 0.220318 
58.937619 	 0.220015 
58.959641 	 0.219712 
58.981662 	 0.219410 
59.003681 	 0.219109 
59.025699 	 0.218808 
59.047716 	 0.218508 
59.069732 	 0.218208 
59.091747 	 0.217908 
59.113760 	 0.217610 
59.135773 	 0.217311 
59.157784 	 0.217013 
59.179794 	 0.216716 
59.201802 	 0.216419 
59.223810 	 0.216123 
59.245816 	 0.215827 
59.267821 	 0.215532 
59.289825 	 0.215237 
59.311828 	 0.214943 
59.333830 	 0.214650 
59.355830 	 0.214356 
59.377830 	 0.214064 
59.399828 	 0.213772 
59.421825 	 0.213480 
59.443821 	 0.213189 
59.465816 	 0.212898 
59.487809 	 0.212608 
59.509802 	 0.212319 
59.531793 	 0.212030 
59.553783 	 0.211741 
59.575772 	 0.211453 
59.597760 	 0.211165 
59.619746 	 0.210878 
59.641732 	 0.210592 
59.663716 	 0.210305 
59.685700 	 0.210020 
59.707682 	 0.209735 
59.729663 	 0.209450 
59.751643 	 0.209166 
59.773621 	 0.208882 
59.795599 	 0.208599 
59.817575 	 0.208317 
59.839551 	 0.208034 
59.861525 	 0.207753 
59.883498 	 0.207472 
59.905470 	 0.207191 
59.927441 	 0.206911 
59.949411 	 0.206631 
59.971379 	 0.206352 
59.993347 	 0.206073 
