# Parking lot grid. NumElx = 2; NumEly = 100
400	303
1	0	0	-0	0.016825
2	0	6	-0.0096	0.016825
3	0	12	-0.0192	0.016825
4	0	18	-0.0288	0.016825
5	0	24	-0.0384	0.016825
6	0	30	-0.048	0.016825
7	0	36	-0.0576	0.016825
8	0	42	-0.0672	0.016825
9	0	48	-0.0768	0.016825
10	0	54	-0.0864	0.016825
11	0	60	-0.096	0.016825
12	0	66	-0.1056	0.016825
13	0	72	-0.1152	0.016825
14	0	78	-0.1248	0.016825
15	0	84	-0.1344	0.016825
16	0	90	-0.144	0.016825
17	0	96	-0.1536	0.016825
18	0	102	-0.1632	0.016825
19	0	108	-0.1728	0.016825
20	0	114	-0.1824	0.016825
21	0	120	-0.192	0.016825
22	0	126	-0.2016	0.016825
23	0	132	-0.2112	0.016825
24	0	138	-0.2208	0.016825
25	0	144	-0.2304	0.016825
26	0	150	-0.24	0.016825
27	0	156	-0.2496	0.016825
28	0	162	-0.2592	0.016825
29	0	168	-0.2688	0.016825
30	0	174	-0.2784	0.016825
31	0	180	-0.288	0.016825
32	0	186	-0.2976	0.016825
33	0	192	-0.3072	0.016825
34	0	198	-0.3168	0.016825
35	0	204	-0.3264	0.016825
36	0	210	-0.336	0.016825
37	0	216	-0.3456	0.016825
38	0	222	-0.3552	0.016825
39	0	228	-0.3648	0.016825
40	0	234	-0.3744	0.016825
41	0	240	-0.384	0.016825
42	0	246	-0.3936	0.016825
43	0	252	-0.4032	0.016825
44	0	258	-0.4128	0.016825
45	0	264	-0.4224	0.016825
46	0	270	-0.432	0.016825
47	0	276	-0.4416	0.016825
48	0	282	-0.4512	0.016825
49	0	288	-0.4608	0.016825
50	0	294	-0.4704	0.016825
51	0	300	-0.48	0.016825
52	0	306	-0.4896	0.016825
53	0	312	-0.4992	0.016825
54	0	318	-0.5088	0.016825
55	0	324	-0.5184	0.016825
56	0	330	-0.528	0.016825
57	0	336	-0.5376	0.016825
58	0	342	-0.5472	0.016825
59	0	348	-0.5568	0.016825
60	0	354	-0.5664	0.016825
61	0	360	-0.576	0.016825
62	0	366	-0.5856	0.016825
63	0	372	-0.5952	0.016825
64	0	378	-0.6048	0.016825
65	0	384	-0.6144	0.016825
66	0	390	-0.624	0.016825
67	0	396	-0.6336	0.016825
68	0	402	-0.6432	0.016825
69	0	408	-0.6528	0.016825
70	0	414	-0.6624	0.016825
71	0	420	-0.672	0.016825
72	0	426	-0.6816	0.016825
73	0	432	-0.6912	0.016825
74	0	438	-0.7008	0.016825
75	0	444	-0.7104	0.016825
76	0	450	-0.72	0.016825
77	0	456	-0.7296	0.016825
78	0	462	-0.7392	0.016825
79	0	468	-0.7488	0.016825
80	0	474	-0.7584	0.016825
81	0	480	-0.768	0.016825
82	0	486	-0.7776	0.016825
83	0	492	-0.7872	0.016825
84	0	498	-0.7968	0.016825
85	0	504	-0.8064	0.016825
86	0	510	-0.816	0.016825
87	0	516	-0.8256	0.016825
88	0	522	-0.8352	0.016825
89	0	528	-0.8448	0.016825
90	0	534	-0.8544	0.016825
91	0	540	-0.864	0.016825
92	0	546	-0.8736	0.016825
93	0	552	-0.8832	0.016825
94	0	558	-0.8928	0.016825
95	0	564	-0.9024	0.016825
96	0	570	-0.912	0.016825
97	0	576	-0.9216	0.016825
98	0	582	-0.9312	0.016825
99	0	588	-0.9408	0.016825
100	0	594	-0.9504	0.016825
101	0	600	-0.96	0.016825
102	0.5	0	-0	0.016825
103	0.5	6	-0.0096	0.016825
104	0.5	12	-0.0192	0.016825
105	0.5	18	-0.0288	0.016825
106	0.5	24	-0.0384	0.016825
107	0.5	30	-0.048	0.016825
108	0.5	36	-0.0576	0.016825
109	0.5	42	-0.0672	0.016825
110	0.5	48	-0.0768	0.016825
111	0.5	54	-0.0864	0.016825
112	0.5	60	-0.096	0.016825
113	0.5	66	-0.1056	0.016825
114	0.5	72	-0.1152	0.016825
115	0.5	78	-0.1248	0.016825
116	0.5	84	-0.1344	0.016825
117	0.5	90	-0.144	0.016825
118	0.5	96	-0.1536	0.016825
119	0.5	102	-0.1632	0.016825
120	0.5	108	-0.1728	0.016825
121	0.5	114	-0.1824	0.016825
122	0.5	120	-0.192	0.016825
123	0.5	126	-0.2016	0.016825
124	0.5	132	-0.2112	0.016825
125	0.5	138	-0.2208	0.016825
126	0.5	144	-0.2304	0.016825
127	0.5	150	-0.24	0.016825
128	0.5	156	-0.2496	0.016825
129	0.5	162	-0.2592	0.016825
130	0.5	168	-0.2688	0.016825
131	0.5	174	-0.2784	0.016825
132	0.5	180	-0.288	0.016825
133	0.5	186	-0.2976	0.016825
134	0.5	192	-0.3072	0.016825
135	0.5	198	-0.3168	0.016825
136	0.5	204	-0.3264	0.016825
137	0.5	210	-0.336	0.016825
138	0.5	216	-0.3456	0.016825
139	0.5	222	-0.3552	0.016825
140	0.5	228	-0.3648	0.016825
141	0.5	234	-0.3744	0.016825
142	0.5	240	-0.384	0.016825
143	0.5	246	-0.3936	0.016825
144	0.5	252	-0.4032	0.016825
145	0.5	258	-0.4128	0.016825
146	0.5	264	-0.4224	0.016825
147	0.5	270	-0.432	0.016825
148	0.5	276	-0.4416	0.016825
149	0.5	282	-0.4512	0.016825
150	0.5	288	-0.4608	0.016825
151	0.5	294	-0.4704	0.016825
152	0.5	300	-0.48	0.016825
153	0.5	306	-0.4896	0.016825
154	0.5	312	-0.4992	0.016825
155	0.5	318	-0.5088	0.016825
156	0.5	324	-0.5184	0.016825
157	0.5	330	-0.528	0.016825
158	0.5	336	-0.5376	0.016825
159	0.5	342	-0.5472	0.016825
160	0.5	348	-0.5568	0.016825
161	0.5	354	-0.5664	0.016825
162	0.5	360	-0.576	0.016825
163	0.5	366	-0.5856	0.016825
164	0.5	372	-0.5952	0.016825
165	0.5	378	-0.6048	0.016825
166	0.5	384	-0.6144	0.016825
167	0.5	390	-0.624	0.016825
168	0.5	396	-0.6336	0.016825
169	0.5	402	-0.6432	0.016825
170	0.5	408	-0.6528	0.016825
171	0.5	414	-0.6624	0.016825
172	0.5	420	-0.672	0.016825
173	0.5	426	-0.6816	0.016825
174	0.5	432	-0.6912	0.016825
175	0.5	438	-0.7008	0.016825
176	0.5	444	-0.7104	0.016825
177	0.5	450	-0.72	0.016825
178	0.5	456	-0.7296	0.016825
179	0.5	462	-0.7392	0.016825
180	0.5	468	-0.7488	0.016825
181	0.5	474	-0.7584	0.016825
182	0.5	480	-0.768	0.016825
183	0.5	486	-0.7776	0.016825
184	0.5	492	-0.7872	0.016825
185	0.5	498	-0.7968	0.016825
186	0.5	504	-0.8064	0.016825
187	0.5	510	-0.816	0.016825
188	0.5	516	-0.8256	0.016825
189	0.5	522	-0.8352	0.016825
190	0.5	528	-0.8448	0.016825
191	0.5	534	-0.8544	0.016825
192	0.5	540	-0.864	0.016825
193	0.5	546	-0.8736	0.016825
194	0.5	552	-0.8832	0.016825
195	0.5	558	-0.8928	0.016825
196	0.5	564	-0.9024	0.016825
197	0.5	570	-0.912	0.016825
198	0.5	576	-0.9216	0.016825
199	0.5	582	-0.9312	0.016825
200	0.5	588	-0.9408	0.016825
201	0.5	594	-0.9504	0.016825
202	0.5	600	-0.96	0.016825
203	1	0	-0	0.016825
204	1	6	-0.0096	0.016825
205	1	12	-0.0192	0.016825
206	1	18	-0.0288	0.016825
207	1	24	-0.0384	0.016825
208	1	30	-0.048	0.016825
209	1	36	-0.0576	0.016825
210	1	42	-0.0672	0.016825
211	1	48	-0.0768	0.016825
212	1	54	-0.0864	0.016825
213	1	60	-0.096	0.016825
214	1	66	-0.1056	0.016825
215	1	72	-0.1152	0.016825
216	1	78	-0.1248	0.016825
217	1	84	-0.1344	0.016825
218	1	90	-0.144	0.016825
219	1	96	-0.1536	0.016825
220	1	102	-0.1632	0.016825
221	1	108	-0.1728	0.016825
222	1	114	-0.1824	0.016825
223	1	120	-0.192	0.016825
224	1	126	-0.2016	0.016825
225	1	132	-0.2112	0.016825
226	1	138	-0.2208	0.016825
227	1	144	-0.2304	0.016825
228	1	150	-0.24	0.016825
229	1	156	-0.2496	0.016825
230	1	162	-0.2592	0.016825
231	1	168	-0.2688	0.016825
232	1	174	-0.2784	0.016825
233	1	180	-0.288	0.016825
234	1	186	-0.2976	0.016825
235	1	192	-0.3072	0.016825
236	1	198	-0.3168	0.016825
237	1	204	-0.3264	0.016825
238	1	210	-0.336	0.016825
239	1	216	-0.3456	0.016825
240	1	222	-0.3552	0.016825
241	1	228	-0.3648	0.016825
242	1	234	-0.3744	0.016825
243	1	240	-0.384	0.016825
244	1	246	-0.3936	0.016825
245	1	252	-0.4032	0.016825
246	1	258	-0.4128	0.016825
247	1	264	-0.4224	0.016825
248	1	270	-0.432	0.016825
249	1	276	-0.4416	0.016825
250	1	282	-0.4512	0.016825
251	1	288	-0.4608	0.016825
252	1	294	-0.4704	0.016825
253	1	300	-0.48	0.016825
254	1	306	-0.4896	0.016825
255	1	312	-0.4992	0.016825
256	1	318	-0.5088	0.016825
257	1	324	-0.5184	0.016825
258	1	330	-0.528	0.016825
259	1	336	-0.5376	0.016825
260	1	342	-0.5472	0.016825
261	1	348	-0.5568	0.016825
262	1	354	-0.5664	0.016825
263	1	360	-0.576	0.016825
264	1	366	-0.5856	0.016825
265	1	372	-0.5952	0.016825
266	1	378	-0.6048	0.016825
267	1	384	-0.6144	0.016825
268	1	390	-0.624	0.016825
269	1	396	-0.6336	0.016825
270	1	402	-0.6432	0.016825
271	1	408	-0.6528	0.016825
272	1	414	-0.6624	0.016825
273	1	420	-0.672	0.016825
274	1	426	-0.6816	0.016825
275	1	432	-0.6912	0.016825
276	1	438	-0.7008	0.016825
277	1	444	-0.7104	0.016825
278	1	450	-0.72	0.016825
279	1	456	-0.7296	0.016825
280	1	462	-0.7392	0.016825
281	1	468	-0.7488	0.016825
282	1	474	-0.7584	0.016825
283	1	480	-0.768	0.016825
284	1	486	-0.7776	0.016825
285	1	492	-0.7872	0.016825
286	1	498	-0.7968	0.016825
287	1	504	-0.8064	0.016825
288	1	510	-0.816	0.016825
289	1	516	-0.8256	0.016825
290	1	522	-0.8352	0.016825
291	1	528	-0.8448	0.016825
292	1	534	-0.8544	0.016825
293	1	540	-0.864	0.016825
294	1	546	-0.8736	0.016825
295	1	552	-0.8832	0.016825
296	1	558	-0.8928	0.016825
297	1	564	-0.9024	0.016825
298	1	570	-0.912	0.016825
299	1	576	-0.9216	0.016825
300	1	582	-0.9312	0.016825
301	1	588	-0.9408	0.016825
302	1	594	-0.9504	0.016825
303	1	600	-0.96	0.016825
1	3	107	7	6
2	3	85	186	86
3	3	126	227	127
4	3	80	180	181
5	3	195	296	196
6	3	94	93	194
7	3	199	98	198
8	3	197	96	196
9	3	297	298	197
10	3	191	91	90
11	3	103	2	102
12	3	225	226	125
13	3	186	185	286
14	3	293	192	292
15	3	107	207	208
16	3	128	129	28
17	3	7	107	108
18	3	120	221	121
19	3	124	23	123
20	3	27	128	28
21	3	129	130	29
22	3	228	229	128
23	3	135	236	136
24	3	159	160	59
25	3	134	235	135
26	3	260	261	160
27	3	74	174	175
28	3	133	233	234
29	3	147	46	146
30	3	45	145	146
31	3	248	147	247
32	3	170	270	271
33	3	63	164	64
34	3	82	182	183
35	3	277	176	276
36	3	83	184	84
37	3	196	95	195
38	3	202	101	201
39	3	95	94	195
40	3	81	80	181
41	3	191	292	192
42	3	296	195	295
43	3	201	101	100
44	3	264	164	163
45	3	163	162	263
46	3	66	167	67
47	3	167	268	168
48	3	276	176	175
49	3	173	72	172
50	3	75	176	76
51	3	78	77	178
52	3	146	145	246
53	3	157	156	257
54	3	53	52	153
55	3	149	48	148
56	3	62	61	162
57	3	153	154	53
58	3	91	191	192
59	3	280	281	180
60	3	199	300	200
61	3	302	202	201
62	3	272	171	271
63	3	170	169	270
64	3	179	79	78
65	3	184	285	185
66	3	237	136	236
67	3	238	137	237
68	3	136	35	135
69	3	137	36	136
70	3	237	137	136
71	3	138	238	239
72	3	142	41	141
73	3	145	144	245
74	3	143	42	142
75	3	9	8	109
76	3	18	119	19
77	3	19	119	120
78	3	111	212	112
79	3	133	234	134
80	3	104	4	3
81	3	107	6	106
82	3	122	223	123
83	3	109	8	108
84	3	111	10	110
85	3	114	14	13
86	3	115	15	14
87	3	116	16	15
88	3	120	20	19
89	3	121	21	20
90	3	122	22	21
91	3	123	23	22
92	3	102	2	1
93	3	102	203	103
94	3	104	3	103
95	3	109	110	9
96	3	119	220	120
97	3	5	106	6
98	3	209	109	108
99	3	8	7	108
100	3	209	210	109
101	3	110	10	9
102	3	204	104	103
103	3	3	2	103
104	3	203	204	103
105	3	105	4	104
106	3	4	105	5
107	3	5	105	106
108	3	207	107	106
109	3	208	108	107
110	3	114	115	14
111	3	116	15	115
112	3	117	118	17
113	3	219	119	118
114	3	118	119	18
115	3	220	221	120
116	3	12	11	112
117	3	113	13	12
118	3	113	114	13
119	3	117	17	16
120	3	118	18	17
121	3	210	110	109
122	3	111	11	10
123	3	135	35	34
124	3	30	130	131
125	3	230	129	229
126	3	131	132	31
127	3	131	130	231
128	3	126	127	26
129	3	228	128	127
130	3	31	30	131
131	3	129	128	229
132	3	33	134	34
133	3	235	236	135
134	3	138	137	238
135	3	138	37	137
136	3	44	144	145
137	3	143	244	144
138	3	247	146	246
139	3	45	44	145
140	3	50	150	151
141	3	149	148	249
142	3	141	242	142
143	3	147	47	46
144	3	48	149	49
145	3	49	150	50
146	3	29	130	30
147	3	31	132	32
148	3	124	24	23
149	3	125	25	24
150	3	126	26	25
151	3	127	128	27
152	3	26	127	27
153	3	28	129	29
154	3	134	234	235
155	3	136	36	35
156	3	137	37	36
157	3	138	38	37
158	3	139	239	240
159	3	140	241	141
160	3	42	143	43
161	3	43	144	44
162	3	46	45	146
163	3	162	163	62
164	3	164	63	163
165	3	64	164	165
166	3	50	151	51
167	3	52	51	152
168	3	155	55	54
169	3	157	56	156
170	3	174	275	175
171	3	74	73	174
172	3	75	74	175
173	3	65	165	166
174	3	168	68	67
175	3	169	69	68
176	3	170	171	70
177	3	171	71	70
178	3	179	178	279
179	3	87	86	187
180	3	195	94	194
181	3	97	96	197
182	3	200	99	199
183	3	198	98	97
184	3	200	201	100
185	3	187	287	288
186	3	88	189	89
187	3	89	190	90
188	3	76	177	77
189	3	79	180	80
190	3	81	181	182
191	3	84	185	85
192	3	73	72	173
193	3	180	79	179
194	3	281	282	181
195	3	181	180	281
196	3	82	81	182
197	3	194	93	193
198	3	199	99	98
199	3	200	100	99
200	3	195	194	295
201	3	93	92	193
202	3	87	188	88
203	3	291	292	191
204	3	293	193	192
205	3	92	91	192
206	3	194	193	294
207	3	92	192	193
208	3	178	177	278
209	3	276	175	275
210	3	83	183	184
211	3	83	82	183
212	3	187	186	287
213	3	85	185	186
214	3	87	187	188
215	3	86	186	187
216	3	60	161	61
217	3	158	259	159
218	3	264	265	164
219	3	65	64	165
220	3	69	170	70
221	3	273	274	173
222	3	161	162	61
223	3	62	163	63
224	3	168	169	68
225	3	168	269	169
226	3	171	170	271
227	3	69	169	170
228	3	152	151	252
229	3	158	58	57
230	3	159	59	58
231	3	160	60	59
232	3	54	53	154
233	3	256	257	156
234	3	254	255	154
235	3	155	156	55
236	3	156	56	55
237	3	154	255	155
238	3	157	57	56
239	3	155	255	256
240	3	158	57	157
241	3	154	155	54
242	3	154	153	254
243	3	156	155	256
244	3	159	58	158
245	3	160	161	60
246	3	157	258	158
247	3	260	159	259
248	3	161	262	162
249	3	263	264	163
250	3	275	174	274
251	3	72	71	172
252	3	173	174	73
253	3	173	274	174
254	3	265	266	165
255	3	167	166	267
256	3	66	65	166
257	3	67	167	168
258	3	66	166	167
259	3	173	172	273
260	3	71	171	172
261	3	76	176	177
262	3	75	175	176
263	3	280	179	279
264	3	77	177	178
265	3	180	179	280
266	3	78	178	179
267	3	188	189	88
268	3	189	190	89
269	3	189	290	190
270	3	190	191	90
271	3	190	291	191
272	3	297	197	196
273	3	96	95	196
274	3	296	297	196
275	3	198	97	197
276	3	200	300	301
277	3	295	194	294
278	3	84	184	185
279	3	183	283	284
280	3	186	286	287
281	3	282	182	181
282	3	188	289	189
283	3	294	193	293
284	3	282	283	182
285	3	283	183	182
286	3	284	184	183
287	3	285	184	284
288	3	286	185	285
289	3	188	187	288
290	3	290	291	190
291	3	199	198	299
292	3	201	200	301
293	3	202	302	303
294	3	201	301	302
295	3	189	289	290
296	3	188	288	289
297	3	298	198	197
298	3	299	198	298
299	3	300	199	299
300	3	269	168	268
301	3	270	169	269
302	3	171	272	172
303	3	272	273	172
304	3	277	177	176
305	3	278	177	277
306	3	279	178	278
307	3	158	258	259
308	3	157	257	258
309	3	160	159	260
310	3	161	160	261
311	3	265	165	164
312	3	162	262	263
313	3	161	261	262
314	3	266	166	165
315	3	267	166	266
316	3	268	167	267
317	3	150	250	251
318	3	150	251	151
319	3	152	253	153
320	3	141	241	242
321	3	139	38	138
322	3	145	245	246
323	3	144	244	245
324	3	247	147	146
325	3	249	148	248
326	3	130	129	230
327	3	130	230	231
328	3	131	231	232
329	3	131	232	132
330	3	232	233	132
331	3	132	233	133
332	3	140	139	240
333	3	139	138	239
334	3	250	149	249
335	3	48	47	148
336	3	152	252	253
337	3	151	251	252
338	3	253	254	153
339	3	43	143	144
340	3	42	41	142
341	3	148	147	248
342	3	148	47	147
343	3	150	149	250
344	3	150	49	149
345	3	52	152	153
346	3	51	151	152
347	3	32	133	33
348	3	32	132	133
349	3	241	140	240
350	3	39	38	139
351	3	40	141	41
352	3	40	39	140
353	3	34	134	135
354	3	33	133	134
355	3	40	140	141
356	3	39	139	140
357	3	243	142	242
358	3	243	143	142
359	3	244	143	243
360	3	215	216	115
361	3	117	16	116
362	3	217	117	116
363	3	218	118	117
364	3	122	121	222
365	3	20	120	121
366	3	22	122	123
367	3	21	121	122
368	3	223	224	123
369	3	225	125	124
370	3	124	125	24
371	3	226	126	125
372	3	125	126	25
373	3	227	228	127
374	3	211	111	110
375	3	112	11	111
376	3	211	212	111
377	3	113	12	112
378	3	112	212	213
379	3	113	214	114
380	3	204	205	104
381	3	206	106	105
382	3	214	215	114
383	3	215	115	114
384	3	216	116	115
385	3	211	110	210
386	3	219	118	218
387	3	219	220	119
388	3	122	222	223
389	3	121	221	222
390	3	123	224	124
391	3	224	225	124
392	3	226	227	126
393	3	112	213	113
394	3	213	214	113
395	3	217	116	216
396	3	218	117	217
397	3	205	105	104
398	3	206	105	205
399	3	207	106	206
400	3	208	209	108
