0.00000000000000 	 0.20918818407301
0.06346651825253 	 0.20872295493513
0.12693303650505 	 0.20732726752147
0.19039955475758 	 0.20500112183205
0.25386607301010 	 0.20174451786685
0.31733259126263 	 0.19755745562588
0.38079910951515 	 0.19243993510915
0.44426562776768 	 0.18639195631664
0.50773214602020 	 0.17941351924836
0.57119866427273 	 0.17150462390431
0.63466518252525 	 0.16267354906100
0.69813170077778 	 0.15389719034581
0.76159821903030 	 0.14584612865552
0.82506473728283 	 0.13852036399011
0.88853125553535 	 0.13191989634961
0.95199777378788 	 0.12604472573400
1.01546429204040 	 0.12089485214328
1.07893081029293 	 0.11647027557746
1.14239732854545 	 0.11277099603653
1.20586384679798 	 0.10979701352050
1.26933036505051 	 0.10753363657375
1.33279688330303 	 0.10549604716117
1.39626340155556 	 0.10344918199300
1.45972991980808 	 0.10139304106924
1.52319643806061 	 0.09932762438989
1.58666295631313 	 0.09725293195495
1.65012947456566 	 0.09516896376442
1.71359599281818 	 0.09307571981830
1.77706251107071 	 0.09097320011660
1.84052902932323 	 0.08886140465930
1.90399554757576 	 0.08674496612172
1.96746206582828 	 0.08469697782517
2.03092858408081 	 0.08274266211295
2.09439510233333 	 0.08088201898505
2.15786162058586 	 0.07911504844147
2.22132813883838 	 0.07744175048221
2.28479465709091 	 0.07586212510727
2.34826117534343 	 0.07437617231666
2.41172769359596 	 0.07298389211036
2.47519421184849 	 0.07168528448839
2.53866073010101 	 0.07047497225297
2.60212724835354 	 0.06930321632477
2.66559376660606 	 0.06815791800880
2.72906028485859 	 0.06703907730507
2.79252680311111 	 0.06594669421357
2.85599332136364 	 0.06488076873431
2.91945983961616 	 0.06384130086729
2.98292635786869 	 0.06282829061250
3.04639287612121 	 0.06184173796995
3.10985939437374 	 0.06088164293964
3.17332591262626 	 0.05994783952105
3.23679243087879 	 0.05903933171117
3.30025894913131 	 0.05815595350949
3.36372546738384 	 0.05729770491601
3.42719198563636 	 0.05646458593072
3.49065850388889 	 0.05565659655363
3.55412502214141 	 0.05487373678474
3.61759154039394 	 0.05411600662405
3.68105805864646 	 0.05338340607156
3.74452457689899 	 0.05267593512726
3.80799109515152 	 0.05199156053222
3.87145761340404 	 0.05132192333305
3.93492413165657 	 0.05066611985909
3.99839064990909 	 0.05002415011036
4.06185716816162 	 0.04939601408684
4.12532368641414 	 0.04878171178855
4.18879020466667 	 0.04818124321548
4.25225672291919 	 0.04759460836762
4.31572324117172 	 0.04702180724499
4.37918975942424 	 0.04646283984758
4.44265627767677 	 0.04591766141863
4.50612279592929 	 0.04538614225486
4.56958931418182 	 0.04486827413564
4.63305583243434 	 0.04436405706096
4.69652235068687 	 0.04387349103085
4.75998886893939 	 0.04339657604528
4.82345538719192 	 0.04293331210426
4.88692190544444 	 0.04248369920779
4.95038842369697 	 0.04204773735588
5.01385494194949 	 0.04162542654851
5.07732146020202 	 0.04121162705230
5.14078797845455 	 0.04079573816710
5.20425449670707 	 0.04037743865958
5.26772101495960 	 0.03995672852973
5.33118753321212 	 0.03953360777757
5.39465405146465 	 0.03910807640308
5.45812056971717 	 0.03868013440626
5.52158708796970 	 0.03824978178713
5.58505360622222 	 0.03781701854567
5.64852012447475 	 0.03738184468188
5.71198664272727 	 0.03696309823479
5.77545316097980 	 0.03658822227358
5.83891967923232 	 0.03625744936663
5.90238619748485 	 0.03597077951394
5.96585271573737 	 0.03572821271551
6.02931923398990 	 0.03552974897134
6.09278575224242 	 0.03537538828143
6.15625227049495 	 0.03526513064578
6.21971878874747 	 0.03519897606439
6.28318530700000 	 0.00000000000000
