1
480	275
1	40000.000	10000.000	0.000	0.000
2	40000.000	14500.000	0.000	0.000
3	40000.000	19000.000	0.000	0.000
4	40000.000	23500.000	0.000	0.000
5	40000.000	28000.000	0.000	0.000
6	40000.000	32500.000	0.000	0.000
7	40000.000	37000.000	0.000	0.000
8	40000.000	41500.000	0.000	0.000
9	40000.000	46000.000	0.000	0.000
10	40000.000	50500.000	0.000	0.000
11	40000.000	55000.000	0.000	0.000
12	44583.333	10000.000	0.000	0.000
13	44583.333	14500.000	0.000	0.000
14	44583.333	19000.000	0.000	0.000
15	44583.333	23500.000	0.000	0.000
16	44583.333	28000.000	0.000	0.000
17	44583.333	32500.000	0.000	0.000
18	44583.333	37000.000	0.000	0.000
19	44583.333	41500.000	0.000	0.000
20	44583.333	46000.000	0.000	0.000
21	44583.333	50500.000	0.000	0.000
22	44583.333	55000.000	0.000	0.000
23	49166.667	10000.000	0.000	0.000
24	49166.667	14500.000	0.000	0.000
25	49166.667	19000.000	0.000	0.000
26	49166.667	23500.000	0.000	0.000
27	49166.667	28000.000	0.000	0.000
28	49166.667	32500.000	0.000	0.000
29	49166.667	37000.000	0.000	0.000
30	49166.667	41500.000	0.000	0.000
31	49166.667	46000.000	0.000	0.000
32	49166.667	50500.000	0.000	0.000
33	49166.667	55000.000	0.000	0.000
34	53750.000	10000.000	0.000	0.000
35	53750.000	14500.000	0.000	0.000
36	53750.000	19000.000	0.000	0.000
37	53750.000	23500.000	0.000	0.000
38	53750.000	28000.000	0.000	0.000
39	53750.000	32500.000	0.000	0.000
40	53750.000	37000.000	0.000	0.000
41	53750.000	41500.000	0.000	0.000
42	53750.000	46000.000	0.000	0.000
43	53750.000	50500.000	0.000	0.000
44	53750.000	55000.000	0.000	0.000
45	58333.333	10000.000	0.000	0.000
46	58333.333	14500.000	0.000	0.000
47	58333.333	19000.000	0.000	0.000
48	58333.333	23500.000	0.000	0.000
49	58333.333	28000.000	0.000	0.000
50	58333.333	32500.000	0.000	0.000
51	58333.333	37000.000	0.000	0.000
52	58333.333	41500.000	0.000	0.000
53	58333.333	46000.000	0.000	0.000
54	58333.333	50500.000	0.000	0.000
55	58333.333	55000.000	0.000	0.000
56	62916.667	10000.000	0.000	0.000
57	62916.667	14500.000	0.000	0.000
58	62916.667	19000.000	0.000	0.000
59	62916.667	23500.000	0.000	0.000
60	62916.667	28000.000	0.000	0.000
61	62916.667	32500.000	0.000	0.000
62	62916.667	37000.000	0.000	0.000
63	62916.667	41500.000	0.000	0.000
64	62916.667	46000.000	0.000	0.000
65	62916.667	50500.000	0.000	0.000
66	62916.667	55000.000	0.000	0.000
67	67500.000	10000.000	0.000	0.000
68	67500.000	14500.000	0.000	0.000
69	67500.000	19000.000	0.000	0.000
70	67500.000	23500.000	0.000	0.000
71	67500.000	28000.000	0.000	0.000
72	67500.000	32500.000	0.000	0.000
73	67500.000	37000.000	0.000	0.000
74	67500.000	41500.000	0.000	0.000
75	67500.000	46000.000	0.000	0.000
76	67500.000	50500.000	0.000	0.000
77	67500.000	55000.000	0.000	0.000
78	72083.333	10000.000	0.000	0.000
79	72083.333	14500.000	0.000	0.000
80	72083.333	19000.000	0.000	0.000
81	72083.333	23500.000	0.000	0.000
82	72083.333	28000.000	0.000	0.000
83	72083.333	32500.000	0.000	0.000
84	72083.333	37000.000	0.000	0.000
85	72083.333	41500.000	0.000	0.000
86	72083.333	46000.000	0.000	0.000
87	72083.333	50500.000	0.000	0.000
88	72083.333	55000.000	0.000	0.000
89	76666.667	10000.000	0.000	0.000
90	76666.667	14500.000	0.000	0.000
91	76666.667	19000.000	0.000	0.000
92	76666.667	23500.000	0.000	0.000
93	76666.667	28000.000	0.000	0.000
94	76666.667	32500.000	0.000	0.000
95	76666.667	37000.000	0.000	0.000
96	76666.667	41500.000	0.000	0.000
97	76666.667	46000.000	0.000	0.000
98	76666.667	50500.000	0.000	0.000
99	76666.667	55000.000	0.000	0.000
100	81250.000	10000.000	0.000	0.000
101	81250.000	14500.000	0.000	0.000
102	81250.000	19000.000	0.000	0.000
103	81250.000	23500.000	0.000	0.000
104	81250.000	28000.000	0.000	0.000
105	81250.000	32500.000	0.000	0.000
106	81250.000	37000.000	0.000	0.000
107	81250.000	41500.000	0.000	0.000
108	81250.000	46000.000	0.000	0.000
109	81250.000	50500.000	0.000	0.000
110	81250.000	55000.000	0.000	0.000
111	85833.333	10000.000	0.000	0.000
112	85833.333	14500.000	0.000	0.000
113	85833.333	19000.000	0.000	0.000
114	85833.333	23500.000	0.000	0.000
115	85833.333	28000.000	0.000	0.000
116	85833.333	32500.000	0.000	0.000
117	85833.333	37000.000	0.000	0.000
118	85833.333	41500.000	0.000	0.000
119	85833.333	46000.000	0.000	0.000
120	85833.333	50500.000	0.000	0.000
121	85833.333	55000.000	0.000	0.000
122	90416.667	10000.000	0.000	0.000
123	90416.667	14500.000	0.000	0.000
124	90416.667	19000.000	0.000	0.000
125	90416.667	23500.000	0.000	0.000
126	90416.667	28000.000	0.000	0.000
127	90416.667	32500.000	0.000	0.000
128	90416.667	37000.000	0.000	0.000
129	90416.667	41500.000	0.000	0.000
130	90416.667	46000.000	0.000	0.000
131	90416.667	50500.000	0.000	0.000
132	90416.667	55000.000	0.000	0.000
133	95000.000	10000.000	0.000	0.000
134	95000.000	14500.000	0.000	0.000
135	95000.000	19000.000	0.000	0.000
136	95000.000	23500.000	0.000	0.000
137	95000.000	28000.000	0.000	0.000
138	95000.000	32500.000	0.000	0.000
139	95000.000	37000.000	0.000	0.000
140	95000.000	41500.000	0.000	0.000
141	95000.000	46000.000	0.000	0.000
142	95000.000	50500.000	0.000	0.000
143	95000.000	55000.000	0.000	0.000
144	99583.333	10000.000	0.000	0.000
145	99583.333	14500.000	0.000	0.000
146	99583.333	19000.000	0.000	0.000
147	99583.333	23500.000	0.000	0.000
148	99583.333	28000.000	0.000	0.000
149	99583.333	32500.000	0.000	0.000
150	99583.333	37000.000	0.000	0.000
151	99583.333	41500.000	0.000	0.000
152	99583.333	46000.000	0.000	0.000
153	99583.333	50500.000	0.000	0.000
154	99583.333	55000.000	0.000	0.000
155	104166.667	10000.000	0.000	0.000
156	104166.667	14500.000	0.000	0.000
157	104166.667	19000.000	0.000	0.000
158	104166.667	23500.000	0.000	0.000
159	104166.667	28000.000	0.000	0.000
160	104166.667	32500.000	0.000	0.000
161	104166.667	37000.000	0.000	0.000
162	104166.667	41500.000	0.000	0.000
163	104166.667	46000.000	0.000	0.000
164	104166.667	50500.000	0.000	0.000
165	104166.667	55000.000	0.000	0.000
166	108750.000	10000.000	0.000	0.000
167	108750.000	14500.000	0.000	0.000
168	108750.000	19000.000	0.000	0.000
169	108750.000	23500.000	0.000	0.000
170	108750.000	28000.000	0.000	0.000
171	108750.000	32500.000	0.000	0.000
172	108750.000	37000.000	0.000	0.000
173	108750.000	41500.000	0.000	0.000
174	108750.000	46000.000	0.000	0.000
175	108750.000	50500.000	0.000	0.000
176	108750.000	55000.000	0.000	0.000
177	113333.333	10000.000	0.000	0.000
178	113333.333	14500.000	0.000	0.000
179	113333.333	19000.000	0.000	0.000
180	113333.333	23500.000	0.000	0.000
181	113333.333	28000.000	0.000	0.000
182	113333.333	32500.000	0.000	0.000
183	113333.333	37000.000	0.000	0.000
184	113333.333	41500.000	0.000	0.000
185	113333.333	46000.000	0.000	0.000
186	113333.333	50500.000	0.000	0.000
187	113333.333	55000.000	0.000	0.000
188	117916.667	10000.000	0.000	0.000
189	117916.667	14500.000	0.000	0.000
190	117916.667	19000.000	0.000	0.000
191	117916.667	23500.000	0.000	0.000
192	117916.667	28000.000	0.000	0.000
193	117916.667	32500.000	0.000	0.000
194	117916.667	37000.000	0.000	0.000
195	117916.667	41500.000	0.000	0.000
196	117916.667	46000.000	0.000	0.000
197	117916.667	50500.000	0.000	0.000
198	117916.667	55000.000	0.000	0.000
199	122500.000	10000.000	0.000	0.000
200	122500.000	14500.000	0.000	0.000
201	122500.000	19000.000	0.000	0.000
202	122500.000	23500.000	0.000	0.000
203	122500.000	28000.000	0.000	0.000
204	122500.000	32500.000	0.000	0.000
205	122500.000	37000.000	0.000	0.000
206	122500.000	41500.000	0.000	0.000
207	122500.000	46000.000	0.000	0.000
208	122500.000	50500.000	0.000	0.000
209	122500.000	55000.000	0.000	0.000
210	127083.333	10000.000	0.000	0.000
211	127083.333	14500.000	0.000	0.000
212	127083.333	19000.000	0.000	0.000
213	127083.333	23500.000	0.000	0.000
214	127083.333	28000.000	0.000	0.000
215	127083.333	32500.000	0.000	0.000
216	127083.333	37000.000	0.000	0.000
217	127083.333	41500.000	0.000	0.000
218	127083.333	46000.000	0.000	0.000
219	127083.333	50500.000	0.000	0.000
220	127083.333	55000.000	0.000	0.000
221	131666.667	10000.000	0.000	0.000
222	131666.667	14500.000	0.000	0.000
223	131666.667	19000.000	0.000	0.000
224	131666.667	23500.000	0.000	0.000
225	131666.667	28000.000	0.000	0.000
226	131666.667	32500.000	0.000	0.000
227	131666.667	37000.000	0.000	0.000
228	131666.667	41500.000	0.000	0.000
229	131666.667	46000.000	0.000	0.000
230	131666.667	50500.000	0.000	0.000
231	131666.667	55000.000	0.000	0.000
232	136250.000	10000.000	0.000	0.000
233	136250.000	14500.000	0.000	0.000
234	136250.000	19000.000	0.000	0.000
235	136250.000	23500.000	0.000	0.000
236	136250.000	28000.000	0.000	0.000
237	136250.000	32500.000	0.000	0.000
238	136250.000	37000.000	0.000	0.000
239	136250.000	41500.000	0.000	0.000
240	136250.000	46000.000	0.000	0.000
241	136250.000	50500.000	0.000	0.000
242	136250.000	55000.000	0.000	0.000
243	140833.333	10000.000	0.000	0.000
244	140833.333	14500.000	0.000	0.000
245	140833.333	19000.000	0.000	0.000
246	140833.333	23500.000	0.000	0.000
247	140833.333	28000.000	0.000	0.000
248	140833.333	32500.000	0.000	0.000
249	140833.333	37000.000	0.000	0.000
250	140833.333	41500.000	0.000	0.000
251	140833.333	46000.000	0.000	0.000
252	140833.333	50500.000	0.000	0.000
253	140833.333	55000.000	0.000	0.000
254	145416.667	10000.000	0.000	0.000
255	145416.667	14500.000	0.000	0.000
256	145416.667	19000.000	0.000	0.000
257	145416.667	23500.000	0.000	0.000
258	145416.667	28000.000	0.000	0.000
259	145416.667	32500.000	0.000	0.000
260	145416.667	37000.000	0.000	0.000
261	145416.667	41500.000	0.000	0.000
262	145416.667	46000.000	0.000	0.000
263	145416.667	50500.000	0.000	0.000
264	145416.667	55000.000	0.000	0.000
265	150000.000	10000.000	0.000	0.000
266	150000.000	14500.000	0.000	0.000
267	150000.000	19000.000	0.000	0.000
268	150000.000	23500.000	0.000	0.000
269	150000.000	28000.000	0.000	0.000
270	150000.000	32500.000	0.000	0.000
271	150000.000	37000.000	0.000	0.000
272	150000.000	41500.000	0.000	0.000
273	150000.000	46000.000	0.000	0.000
274	150000.000	50500.000	0.000	0.000
275	150000.000	55000.000	0.000	0.000
1	3	128	139	129
2	3	46	35	45
3	3	105	116	106
4	3	170	160	159
5	3	72	71	82
6	3	50	49	60
7	3	17	16	27
8	3	37	47	48
9	3	125	114	124
10	3	93	94	83
11	3	31	30	41
12	3	71	60	70
13	3	107	108	97
14	3	96	86	85
15	3	142	141	152
16	3	152	151	162
17	3	164	153	163
18	3	20	10	9
19	3	156	145	155
20	3	175	176	165
21	3	175	165	164
22	3	19	9	8
23	3	149	139	138
24	3	152	163	153
25	3	80	79	90
26	3	161	160	171
27	3	239	240	229
28	3	15	26	16
29	3	68	67	78
30	3	91	90	101
31	3	125	135	136
32	3	134	135	124
33	3	101	90	100
34	3	101	111	112
35	3	92	91	102
36	3	58	59	48
37	3	145	146	135
38	3	126	115	125
39	3	2	13	3
40	3	48	59	49
41	3	58	57	68
42	3	81	70	80
43	3	81	71	70
44	3	28	27	38
45	3	6	16	17
46	3	15	25	26
47	3	19	18	29
48	3	60	59	70
49	3	32	22	21
50	3	54	55	44
51	3	11	10	21
52	3	85	75	74
53	3	53	42	52
54	3	118	117	128
55	3	66	55	65
56	3	131	130	141
57	3	82	92	93
58	3	118	129	119
59	3	95	94	105
60	3	131	142	132
61	3	128	129	118
62	3	141	142	131
63	3	149	159	160
64	3	222	223	212
65	3	149	148	159
66	3	211	210	221
67	3	193	183	182
68	3	167	168	157
69	3	226	215	225
70	3	191	181	180
71	3	194	184	183
72	3	172	161	171
73	3	185	174	184
74	3	173	162	172
75	3	195	194	205
76	3	205	215	216
77	3	238	239	228
78	3	242	252	253
79	3	272	262	261
80	3	216	215	226
81	3	242	241	252
82	3	219	218	229
83	3	253	252	263
84	3	241	230	240
85	3	264	263	274
86	3	236	226	225
87	3	214	204	203
88	3	245	246	235
89	3	258	257	268
90	3	222	211	221
91	3	193	182	192
92	3	156	146	145
93	3	214	213	224
94	3	201	191	190
95	3	215	214	225
96	3	215	204	214
97	3	148	147	158
98	3	136	135	146
99	3	177	178	167
100	3	144	134	133
101	3	201	212	202
102	3	169	159	158
103	3	199	189	188
104	3	223	213	212
105	3	200	201	190
106	3	257	267	268
107	3	256	245	255
108	3	1	12	2
109	3	13	2	12
110	3	24	23	34
111	3	24	13	23
112	3	23	13	12
113	3	24	14	13
114	3	4	14	15
115	3	3	13	14
116	3	35	24	34
117	3	25	14	24
118	3	24	35	25
119	3	46	45	56
120	3	47	57	58
121	3	56	67	57
122	3	67	68	57
123	3	69	59	58
124	3	45	35	34
125	3	46	36	35
126	3	56	57	46
127	3	47	46	57
128	3	47	36	46
129	3	80	70	69
130	3	69	58	68
131	3	79	78	89
132	3	91	80	90
133	3	68	78	79
134	3	79	89	90
135	3	89	100	90
136	3	102	101	112
137	3	111	122	112
138	3	103	113	114
139	3	112	123	113
140	3	124	123	134
141	3	112	122	123
142	3	113	124	114
143	3	113	123	124
144	3	59	69	70
145	3	68	79	69
146	3	79	80	69
147	3	81	82	71
148	3	111	101	100
149	3	112	113	102
150	3	104	93	103
151	3	91	101	102
152	3	91	81	80
153	3	91	92	81
154	3	103	92	102
155	3	82	81	92
156	3	103	93	92
157	3	94	95	84
158	3	113	103	102
159	3	114	115	104
160	3	125	115	114
161	3	126	127	116
162	3	135	125	124
163	3	137	138	127
164	3	114	104	103
165	3	116	117	106
166	3	136	126	125
167	3	127	117	116
168	3	137	127	126
169	3	138	139	128
170	3	83	72	82
171	3	72	62	61
172	3	95	85	84
173	3	51	40	50
174	3	93	83	82
175	3	85	86	75
176	3	104	94	93
177	3	105	106	95
178	3	39	38	49
179	3	37	36	47
180	3	61	51	50
181	3	39	28	38
182	3	72	61	71
183	3	49	59	60
184	3	26	36	37
185	3	25	35	36
186	3	38	37	48
187	3	26	25	36
188	3	38	48	49
189	3	47	58	48
190	3	3	14	4
191	3	5	15	16
192	3	14	25	15
193	3	27	26	37
194	3	27	16	26
195	3	4	15	5
196	3	8	7	18
197	3	6	5	16
198	3	29	28	39
199	3	17	27	28
200	3	50	39	49
201	3	27	37	38
202	3	7	6	17
203	3	28	18	17
204	3	30	19	29
205	3	7	17	18
206	3	40	39	50
207	3	40	29	39
208	3	61	62	51
209	3	52	42	41
210	3	73	63	62
211	3	64	65	54
212	3	51	41	40
213	3	51	52	41
214	3	62	52	51
215	3	64	75	65
216	3	62	63	52
217	3	73	72	83
218	3	19	8	18
219	3	31	21	20
220	3	20	9	19
221	3	41	30	40
222	3	18	28	29
223	3	40	30	29
224	3	41	42	31
225	3	10	20	21
226	3	19	30	20
227	3	54	44	43
228	3	20	30	31
229	3	31	32	21
230	3	31	42	32
231	3	21	22	11
232	3	32	33	22
233	3	32	43	33
234	3	43	42	53
235	3	86	87	76
236	3	75	86	76
237	3	77	66	76
238	3	33	43	44
239	3	32	42	43
240	3	63	53	52
241	3	65	55	54
242	3	53	54	43
243	3	53	64	54
244	3	63	64	53
245	3	63	74	64
246	3	106	107	96
247	3	76	66	65
248	3	97	87	86
249	3	98	88	87
250	3	98	97	108
251	3	98	87	97
252	3	75	76	65
253	3	87	77	76
254	3	87	88	77
255	3	98	99	88
256	3	98	109	99
257	3	120	131	121
258	3	108	109	98
259	3	108	119	109
260	3	109	110	99
261	3	109	120	110
262	3	110	120	121
263	3	140	129	139
264	3	121	131	132
265	3	120	119	130
266	3	96	107	97
267	3	106	117	107
268	3	109	119	120
269	3	108	107	118
270	3	120	130	131
271	3	119	129	130
272	3	84	85	74
273	3	75	64	74
274	3	73	84	74
275	3	96	97	86
276	3	95	96	85
277	3	95	106	96
278	3	60	61	50
279	3	60	71	61
280	3	63	73	74
281	3	62	72	73
282	3	83	84	73
283	3	83	94	84
284	3	104	105	94
285	3	104	115	105
286	3	115	116	105
287	3	115	126	116
288	3	108	118	119
289	3	107	117	118
290	3	127	128	117
291	3	127	138	128
292	3	162	161	172
293	3	150	160	161
294	3	182	171	181
295	3	182	172	171
296	3	184	173	183
297	3	184	174	173
298	3	192	182	181
299	3	183	172	182
300	3	215	205	204
301	3	208	219	209
302	3	204	205	194
303	3	218	219	208
304	3	162	173	163
305	3	196	195	206
306	3	194	195	184
307	3	196	207	197
308	3	205	206	195
309	3	205	216	206
310	3	129	140	130
311	3	139	150	140
312	3	150	151	140
313	3	150	161	151
314	3	152	162	163
315	3	151	161	162
316	3	183	173	172
317	3	174	163	173
318	3	140	141	130
319	3	140	151	141
320	3	142	152	153
321	3	141	151	152
322	3	174	164	163
323	3	165	154	164
324	3	142	143	132
325	3	142	153	143
326	3	153	154	143
327	3	153	164	154
328	3	186	176	175
329	3	198	187	197
330	3	186	185	196
331	3	217	206	216
332	3	209	198	208
333	3	174	175	164
334	3	174	185	175
335	3	195	185	184
336	3	197	187	186
337	3	176	186	187
338	3	175	185	186
339	3	186	196	197
340	3	185	195	196
341	3	208	207	218
342	3	196	206	207
343	3	206	217	207
344	3	228	227	238
345	3	231	230	241
346	3	218	217	228
347	3	197	208	198
348	3	197	207	208
349	3	220	209	219
350	3	230	231	220
351	3	220	219	230
352	3	231	241	242
353	3	253	263	264
354	3	251	240	250
355	3	229	230	219
356	3	229	240	230
357	3	241	240	251
358	3	229	228	239
359	3	263	262	273
360	3	263	252	262
361	3	264	274	275
362	3	263	273	274
363	3	260	250	249
364	3	262	252	251
365	3	271	261	260
366	3	262	251	261
367	3	262	272	273
368	3	227	217	216
369	3	218	207	217
370	3	226	237	227
371	3	250	240	239
372	3	261	251	250
373	3	252	241	251
374	3	236	247	237
375	3	227	216	226
376	3	218	228	229
377	3	217	227	228
378	3	248	238	237
379	3	249	239	238
380	3	237	238	227
381	3	248	247	258
382	3	260	249	259
383	3	250	239	249
384	3	270	260	259
385	3	261	250	260
386	3	261	271	272
387	3	249	248	259
388	3	236	225	235
389	3	238	248	249
390	3	237	247	248
391	3	260	270	271
392	3	259	258	269
393	3	269	258	268
394	3	247	246	257
395	3	248	258	259
396	3	247	257	258
397	3	270	259	269
398	3	214	203	213
399	3	190	180	179
400	3	222	212	211
401	3	213	202	212
402	3	244	234	233
403	3	235	225	224
404	3	213	203	202
405	3	204	194	193
406	3	245	235	234
407	3	225	214	224
408	3	234	235	224
409	3	246	247	236
410	3	246	236	235
411	3	237	226	236
412	3	170	159	169
413	3	160	150	149
414	3	203	192	202
415	3	203	204	193
416	3	203	193	192
417	3	194	183	193
418	3	136	137	126
419	3	147	146	157
420	3	137	148	138
421	3	137	136	147
422	3	139	149	150
423	3	138	148	149
424	3	137	147	148
425	3	136	146	147
426	3	168	158	157
427	3	158	147	157
428	3	168	169	158
429	3	159	148	158
430	3	180	169	179
431	3	181	171	170
432	3	180	170	169
433	3	171	160	170
434	3	190	191	180
435	3	181	170	180
436	3	192	191	202
437	3	192	181	191
438	3	179	178	189
439	3	179	168	178
440	3	189	190	179
441	3	189	200	190
442	3	211	200	210
443	3	211	212	201
444	3	122	133	123
445	3	145	135	134
446	3	166	156	155
447	3	157	146	156
448	3	156	167	157
449	3	179	169	168
450	3	134	123	133
451	3	145	144	155
452	3	145	134	144
453	3	178	168	167
454	3	166	167	156
455	3	166	177	167
456	3	188	178	177
457	3	189	178	188
458	3	200	199	210
459	3	200	189	199
460	3	233	222	232
461	3	232	222	221
462	3	223	224	213
463	3	244	245	234
464	3	191	201	202
465	3	200	211	201
466	3	233	223	222
467	3	234	224	223
468	3	267	257	256
469	3	234	223	233
470	3	232	243	233
471	3	256	246	245
472	3	267	256	266
473	3	244	233	243
474	3	266	256	255
475	3	257	246	256
476	3	255	244	254
477	3	254	244	243
478	3	255	245	244
479	3	255	254	265
480	3	255	265	266
0
0
