1
2058 1100
1	40000.000	10000.000	0.000	0.000
2	40000.000	12142.857	0.000	0.000
3	40000.000	14285.714	0.000	0.000
4	40000.000	16428.571	0.000	0.000
5	40000.000	18571.429	0.000	0.000
6	40000.000	20714.286	0.000	0.000
7	40000.000	22857.143	0.000	0.000
8	40000.000	25000.000	0.000	0.000
9	40000.000	27142.857	0.000	0.000
10	40000.000	29285.714	0.000	0.000
11	40000.000	31428.571	0.000	0.000
12	40000.000	33571.429	0.000	0.000
13	40000.000	35714.286	0.000	0.000
14	40000.000	37857.143	0.000	0.000
15	40000.000	40000.000	0.000	0.000
16	40000.000	42142.857	0.000	0.000
17	40000.000	44285.714	0.000	0.000
18	40000.000	46428.571	0.000	0.000
19	40000.000	48571.429	0.000	0.000
20	40000.000	50714.286	0.000	0.000
21	40000.000	52857.143	0.000	0.000
22	40000.000	55000.000	0.000	0.000
23	42244.898	10000.000	0.000	0.000
24	42244.898	12142.857	0.000	0.000
25	42244.898	14285.714	0.000	0.000
26	42244.898	16428.571	0.000	0.000
27	42244.898	18571.429	0.000	0.000
28	42244.898	20714.286	0.000	0.000
29	42244.898	22857.143	0.000	0.000
30	42244.898	25000.000	0.000	0.000
31	42244.898	27142.857	0.000	0.000
32	42244.898	29285.714	0.000	0.000
33	42244.898	31428.571	0.000	0.000
34	42244.898	33571.429	0.000	0.000
35	42244.898	35714.286	0.000	0.000
36	42244.898	37857.143	0.000	0.000
37	42244.898	40000.000	0.000	0.000
38	42244.898	42142.857	0.000	0.000
39	42244.898	44285.714	0.000	0.000
40	42244.898	46428.571	0.000	0.000
41	42244.898	48571.429	0.000	0.000
42	42244.898	50714.286	0.000	0.000
43	42244.898	52857.143	0.000	0.000
44	42244.898	55000.000	0.000	0.000
45	44489.796	10000.000	0.000	0.000
46	44489.796	12142.857	0.000	0.000
47	44489.796	14285.714	0.000	0.000
48	44489.796	16428.571	0.000	0.000
49	44489.796	18571.429	0.000	0.000
50	44489.796	20714.286	0.000	0.000
51	44489.796	22857.143	0.000	0.000
52	44489.796	25000.000	0.000	0.000
53	44489.796	27142.857	0.000	0.000
54	44489.796	29285.714	0.000	0.000
55	44489.796	31428.571	0.000	0.000
56	44489.796	33571.429	0.000	0.000
57	44489.796	35714.286	0.000	0.000
58	44489.796	37857.143	0.000	0.000
59	44489.796	40000.000	0.000	0.000
60	44489.796	42142.857	0.000	0.000
61	44489.796	44285.714	0.000	0.000
62	44489.796	46428.571	0.000	0.000
63	44489.796	48571.429	0.000	0.000
64	44489.796	50714.286	0.000	0.000
65	44489.796	52857.143	0.000	0.000
66	44489.796	55000.000	0.000	0.000
67	46734.694	10000.000	0.000	0.000
68	46734.694	12142.857	0.000	0.000
69	46734.694	14285.714	0.000	0.000
70	46734.694	16428.571	0.000	0.000
71	46734.694	18571.429	0.000	0.000
72	46734.694	20714.286	0.000	0.000
73	46734.694	22857.143	0.000	0.000
74	46734.694	25000.000	0.000	0.000
75	46734.694	27142.857	0.000	0.000
76	46734.694	29285.714	0.000	0.000
77	46734.694	31428.571	0.000	0.000
78	46734.694	33571.429	0.000	0.000
79	46734.694	35714.286	0.000	0.000
80	46734.694	37857.143	0.000	0.000
81	46734.694	40000.000	0.000	0.000
82	46734.694	42142.857	0.000	0.000
83	46734.694	44285.714	0.000	0.000
84	46734.694	46428.571	0.000	0.000
85	46734.694	48571.429	0.000	0.000
86	46734.694	50714.286	0.000	0.000
87	46734.694	52857.143	0.000	0.000
88	46734.694	55000.000	0.000	0.000
89	48979.592	10000.000	0.000	0.000
90	48979.592	12142.857	0.000	0.000
91	48979.592	14285.714	0.000	0.000
92	48979.592	16428.571	0.000	0.000
93	48979.592	18571.429	0.000	0.000
94	48979.592	20714.286	0.000	0.000
95	48979.592	22857.143	0.000	0.000
96	48979.592	25000.000	0.000	0.000
97	48979.592	27142.857	0.000	0.000
98	48979.592	29285.714	0.000	0.000
99	48979.592	31428.571	0.000	0.000
100	48979.592	33571.429	0.000	0.000
101	48979.592	35714.286	0.000	0.000
102	48979.592	37857.143	0.000	0.000
103	48979.592	40000.000	0.000	0.000
104	48979.592	42142.857	0.000	0.000
105	48979.592	44285.714	0.000	0.000
106	48979.592	46428.571	0.000	0.000
107	48979.592	48571.429	0.000	0.000
108	48979.592	50714.286	0.000	0.000
109	48979.592	52857.143	0.000	0.000
110	48979.592	55000.000	0.000	0.000
111	51224.490	10000.000	0.000	0.000
112	51224.490	12142.857	0.000	0.000
113	51224.490	14285.714	0.000	0.000
114	51224.490	16428.571	0.000	0.000
115	51224.490	18571.429	0.000	0.000
116	51224.490	20714.286	0.000	0.000
117	51224.490	22857.143	0.000	0.000
118	51224.490	25000.000	0.000	0.000
119	51224.490	27142.857	0.000	0.000
120	51224.490	29285.714	0.000	0.000
121	51224.490	31428.571	0.000	0.000
122	51224.490	33571.429	0.000	0.000
123	51224.490	35714.286	0.000	0.000
124	51224.490	37857.143	0.000	0.000
125	51224.490	40000.000	0.000	0.000
126	51224.490	42142.857	0.000	0.000
127	51224.490	44285.714	0.000	0.000
128	51224.490	46428.571	0.000	0.000
129	51224.490	48571.429	0.000	0.000
130	51224.490	50714.286	0.000	0.000
131	51224.490	52857.143	0.000	0.000
132	51224.490	55000.000	0.000	0.000
133	53469.388	10000.000	0.000	0.000
134	53469.388	12142.857	0.000	0.000
135	53469.388	14285.714	0.000	0.000
136	53469.388	16428.571	0.000	0.000
137	53469.388	18571.429	0.000	0.000
138	53469.388	20714.286	0.000	0.000
139	53469.388	22857.143	0.000	0.000
140	53469.388	25000.000	0.000	0.000
141	53469.388	27142.857	0.000	0.000
142	53469.388	29285.714	0.000	0.000
143	53469.388	31428.571	0.000	0.000
144	53469.388	33571.429	0.000	0.000
145	53469.388	35714.286	0.000	0.000
146	53469.388	37857.143	0.000	0.000
147	53469.388	40000.000	0.000	0.000
148	53469.388	42142.857	0.000	0.000
149	53469.388	44285.714	0.000	0.000
150	53469.388	46428.571	0.000	0.000
151	53469.388	48571.429	0.000	0.000
152	53469.388	50714.286	0.000	0.000
153	53469.388	52857.143	0.000	0.000
154	53469.388	55000.000	0.000	0.000
155	55714.286	10000.000	0.000	0.000
156	55714.286	12142.857	0.000	0.000
157	55714.286	14285.714	0.000	0.000
158	55714.286	16428.571	0.000	0.000
159	55714.286	18571.429	0.000	0.000
160	55714.286	20714.286	0.000	0.000
161	55714.286	22857.143	0.000	0.000
162	55714.286	25000.000	0.000	0.000
163	55714.286	27142.857	0.000	0.000
164	55714.286	29285.714	0.000	0.000
165	55714.286	31428.571	0.000	0.000
166	55714.286	33571.429	0.000	0.000
167	55714.286	35714.286	0.000	0.000
168	55714.286	37857.143	0.000	0.000
169	55714.286	40000.000	0.000	0.000
170	55714.286	42142.857	0.000	0.000
171	55714.286	44285.714	0.000	0.000
172	55714.286	46428.571	0.000	0.000
173	55714.286	48571.429	0.000	0.000
174	55714.286	50714.286	0.000	0.000
175	55714.286	52857.143	0.000	0.000
176	55714.286	55000.000	0.000	0.000
177	57959.184	10000.000	0.000	0.000
178	57959.184	12142.857	0.000	0.000
179	57959.184	14285.714	0.000	0.000
180	57959.184	16428.571	0.000	0.000
181	57959.184	18571.429	0.000	0.000
182	57959.184	20714.286	0.000	0.000
183	57959.184	22857.143	0.000	0.000
184	57959.184	25000.000	0.000	0.000
185	57959.184	27142.857	0.000	0.000
186	57959.184	29285.714	0.000	0.000
187	57959.184	31428.571	0.000	0.000
188	57959.184	33571.429	0.000	0.000
189	57959.184	35714.286	0.000	0.000
190	57959.184	37857.143	0.000	0.000
191	57959.184	40000.000	0.000	0.000
192	57959.184	42142.857	0.000	0.000
193	57959.184	44285.714	0.000	0.000
194	57959.184	46428.571	0.000	0.000
195	57959.184	48571.429	0.000	0.000
196	57959.184	50714.286	0.000	0.000
197	57959.184	52857.143	0.000	0.000
198	57959.184	55000.000	0.000	0.000
199	60204.082	10000.000	0.000	0.000
200	60204.082	12142.857	0.000	0.000
201	60204.082	14285.714	0.000	0.000
202	60204.082	16428.571	0.000	0.000
203	60204.082	18571.429	0.000	0.000
204	60204.082	20714.286	0.000	0.000
205	60204.082	22857.143	0.000	0.000
206	60204.082	25000.000	0.000	0.000
207	60204.082	27142.857	0.000	0.000
208	60204.082	29285.714	0.000	0.000
209	60204.082	31428.571	0.000	0.000
210	60204.082	33571.429	0.000	0.000
211	60204.082	35714.286	0.000	0.000
212	60204.082	37857.143	0.000	0.000
213	60204.082	40000.000	0.000	0.000
214	60204.082	42142.857	0.000	0.000
215	60204.082	44285.714	0.000	0.000
216	60204.082	46428.571	0.000	0.000
217	60204.082	48571.429	0.000	0.000
218	60204.082	50714.286	0.000	0.000
219	60204.082	52857.143	0.000	0.000
220	60204.082	55000.000	0.000	0.000
221	62448.980	10000.000	0.000	0.000
222	62448.980	12142.857	0.000	0.000
223	62448.980	14285.714	0.000	0.000
224	62448.980	16428.571	0.000	0.000
225	62448.980	18571.429	0.000	0.000
226	62448.980	20714.286	0.000	0.000
227	62448.980	22857.143	0.000	0.000
228	62448.980	25000.000	0.000	0.000
229	62448.980	27142.857	0.000	0.000
230	62448.980	29285.714	0.000	0.000
231	62448.980	31428.571	0.000	0.000
232	62448.980	33571.429	0.000	0.000
233	62448.980	35714.286	0.000	0.000
234	62448.980	37857.143	0.000	0.000
235	62448.980	40000.000	0.000	0.000
236	62448.980	42142.857	0.000	0.000
237	62448.980	44285.714	0.000	0.000
238	62448.980	46428.571	0.000	0.000
239	62448.980	48571.429	0.000	0.000
240	62448.980	50714.286	0.000	0.000
241	62448.980	52857.143	0.000	0.000
242	62448.980	55000.000	0.000	0.000
243	64693.878	10000.000	0.000	0.000
244	64693.878	12142.857	0.000	0.000
245	64693.878	14285.714	0.000	0.000
246	64693.878	16428.571	0.000	0.000
247	64693.878	18571.429	0.000	0.000
248	64693.878	20714.286	0.000	0.000
249	64693.878	22857.143	0.000	0.000
250	64693.878	25000.000	0.000	0.000
251	64693.878	27142.857	0.000	0.000
252	64693.878	29285.714	0.000	0.000
253	64693.878	31428.571	0.000	0.000
254	64693.878	33571.429	0.000	0.000
255	64693.878	35714.286	0.000	0.000
256	64693.878	37857.143	0.000	0.000
257	64693.878	40000.000	0.000	0.000
258	64693.878	42142.857	0.000	0.000
259	64693.878	44285.714	0.000	0.000
260	64693.878	46428.571	0.000	0.000
261	64693.878	48571.429	0.000	0.000
262	64693.878	50714.286	0.000	0.000
263	64693.878	52857.143	0.000	0.000
264	64693.878	55000.000	0.000	0.000
265	66938.776	10000.000	0.000	0.000
266	66938.776	12142.857	0.000	0.000
267	66938.776	14285.714	0.000	0.000
268	66938.776	16428.571	0.000	0.000
269	66938.776	18571.429	0.000	0.000
270	66938.776	20714.286	0.000	0.000
271	66938.776	22857.143	0.000	0.000
272	66938.776	25000.000	0.000	0.000
273	66938.776	27142.857	0.000	0.000
274	66938.776	29285.714	0.000	0.000
275	66938.776	31428.571	0.000	0.000
276	66938.776	33571.429	0.000	0.000
277	66938.776	35714.286	0.000	0.000
278	66938.776	37857.143	0.000	0.000
279	66938.776	40000.000	0.000	0.000
280	66938.776	42142.857	0.000	0.000
281	66938.776	44285.714	0.000	0.000
282	66938.776	46428.571	0.000	0.000
283	66938.776	48571.429	0.000	0.000
284	66938.776	50714.286	0.000	0.000
285	66938.776	52857.143	0.000	0.000
286	66938.776	55000.000	0.000	0.000
287	69183.673	10000.000	0.000	0.000
288	69183.673	12142.857	0.000	0.000
289	69183.673	14285.714	0.000	0.000
290	69183.673	16428.571	0.000	0.000
291	69183.673	18571.429	0.000	0.000
292	69183.673	20714.286	0.000	0.000
293	69183.673	22857.143	0.000	0.000
294	69183.673	25000.000	0.000	0.000
295	69183.673	27142.857	0.000	0.000
296	69183.673	29285.714	0.000	0.000
297	69183.673	31428.571	0.000	0.000
298	69183.673	33571.429	0.000	0.000
299	69183.673	35714.286	0.000	0.000
300	69183.673	37857.143	0.000	0.000
301	69183.673	40000.000	0.000	0.000
302	69183.673	42142.857	0.000	0.000
303	69183.673	44285.714	0.000	0.000
304	69183.673	46428.571	0.000	0.000
305	69183.673	48571.429	0.000	0.000
306	69183.673	50714.286	0.000	0.000
307	69183.673	52857.143	0.000	0.000
308	69183.673	55000.000	0.000	0.000
309	71428.571	10000.000	0.000	0.000
310	71428.571	12142.857	0.000	0.000
311	71428.571	14285.714	0.000	0.000
312	71428.571	16428.571	0.000	0.000
313	71428.571	18571.429	0.000	0.000
314	71428.571	20714.286	0.000	0.000
315	71428.571	22857.143	0.000	0.000
316	71428.571	25000.000	0.000	0.000
317	71428.571	27142.857	0.000	0.000
318	71428.571	29285.714	0.000	0.000
319	71428.571	31428.571	0.000	0.000
320	71428.571	33571.429	0.000	0.000
321	71428.571	35714.286	0.000	0.000
322	71428.571	37857.143	0.000	0.000
323	71428.571	40000.000	0.000	0.000
324	71428.571	42142.857	0.000	0.000
325	71428.571	44285.714	0.000	0.000
326	71428.571	46428.571	0.000	0.000
327	71428.571	48571.429	0.000	0.000
328	71428.571	50714.286	0.000	0.000
329	71428.571	52857.143	0.000	0.000
330	71428.571	55000.000	0.000	0.000
331	73673.469	10000.000	0.000	0.000
332	73673.469	12142.857	0.000	0.000
333	73673.469	14285.714	0.000	0.000
334	73673.469	16428.571	0.000	0.000
335	73673.469	18571.429	0.000	0.000
336	73673.469	20714.286	0.000	0.000
337	73673.469	22857.143	0.000	0.000
338	73673.469	25000.000	0.000	0.000
339	73673.469	27142.857	0.000	0.000
340	73673.469	29285.714	0.000	0.000
341	73673.469	31428.571	0.000	0.000
342	73673.469	33571.429	0.000	0.000
343	73673.469	35714.286	0.000	0.000
344	73673.469	37857.143	0.000	0.000
345	73673.469	40000.000	0.000	0.000
346	73673.469	42142.857	0.000	0.000
347	73673.469	44285.714	0.000	0.000
348	73673.469	46428.571	0.000	0.000
349	73673.469	48571.429	0.000	0.000
350	73673.469	50714.286	0.000	0.000
351	73673.469	52857.143	0.000	0.000
352	73673.469	55000.000	0.000	0.000
353	75918.367	10000.000	0.000	0.000
354	75918.367	12142.857	0.000	0.000
355	75918.367	14285.714	0.000	0.000
356	75918.367	16428.571	0.000	0.000
357	75918.367	18571.429	0.000	0.000
358	75918.367	20714.286	0.000	0.000
359	75918.367	22857.143	0.000	0.000
360	75918.367	25000.000	0.000	0.000
361	75918.367	27142.857	0.000	0.000
362	75918.367	29285.714	0.000	0.000
363	75918.367	31428.571	0.000	0.000
364	75918.367	33571.429	0.000	0.000
365	75918.367	35714.286	0.000	0.000
366	75918.367	37857.143	0.000	0.000
367	75918.367	40000.000	0.000	0.000
368	75918.367	42142.857	0.000	0.000
369	75918.367	44285.714	0.000	0.000
370	75918.367	46428.571	0.000	0.000
371	75918.367	48571.429	0.000	0.000
372	75918.367	50714.286	0.000	0.000
373	75918.367	52857.143	0.000	0.000
374	75918.367	55000.000	0.000	0.000
375	78163.265	10000.000	0.000	0.000
376	78163.265	12142.857	0.000	0.000
377	78163.265	14285.714	0.000	0.000
378	78163.265	16428.571	0.000	0.000
379	78163.265	18571.429	0.000	0.000
380	78163.265	20714.286	0.000	0.000
381	78163.265	22857.143	0.000	0.000
382	78163.265	25000.000	0.000	0.000
383	78163.265	27142.857	0.000	0.000
384	78163.265	29285.714	0.000	0.000
385	78163.265	31428.571	0.000	0.000
386	78163.265	33571.429	0.000	0.000
387	78163.265	35714.286	0.000	0.000
388	78163.265	37857.143	0.000	0.000
389	78163.265	40000.000	0.000	0.000
390	78163.265	42142.857	0.000	0.000
391	78163.265	44285.714	0.000	0.000
392	78163.265	46428.571	0.000	0.000
393	78163.265	48571.429	0.000	0.000
394	78163.265	50714.286	0.000	0.000
395	78163.265	52857.143	0.000	0.000
396	78163.265	55000.000	0.000	0.000
397	80408.163	10000.000	0.000	0.000
398	80408.163	12142.857	0.000	0.000
399	80408.163	14285.714	0.000	0.000
400	80408.163	16428.571	0.000	0.000
401	80408.163	18571.429	0.000	0.000
402	80408.163	20714.286	0.000	0.000
403	80408.163	22857.143	0.000	0.000
404	80408.163	25000.000	0.000	0.000
405	80408.163	27142.857	0.000	0.000
406	80408.163	29285.714	0.000	0.000
407	80408.163	31428.571	0.000	0.000
408	80408.163	33571.429	0.000	0.000
409	80408.163	35714.286	0.000	0.000
410	80408.163	37857.143	0.000	0.000
411	80408.163	40000.000	0.000	0.000
412	80408.163	42142.857	0.000	0.000
413	80408.163	44285.714	0.000	0.000
414	80408.163	46428.571	0.000	0.000
415	80408.163	48571.429	0.000	0.000
416	80408.163	50714.286	0.000	0.000
417	80408.163	52857.143	0.000	0.000
418	80408.163	55000.000	0.000	0.000
419	82653.061	10000.000	0.000	0.000
420	82653.061	12142.857	0.000	0.000
421	82653.061	14285.714	0.000	0.000
422	82653.061	16428.571	0.000	0.000
423	82653.061	18571.429	0.000	0.000
424	82653.061	20714.286	0.000	0.000
425	82653.061	22857.143	0.000	0.000
426	82653.061	25000.000	0.000	0.000
427	82653.061	27142.857	0.000	0.000
428	82653.061	29285.714	0.000	0.000
429	82653.061	31428.571	0.000	0.000
430	82653.061	33571.429	0.000	0.000
431	82653.061	35714.286	0.000	0.000
432	82653.061	37857.143	0.000	0.000
433	82653.061	40000.000	0.000	0.000
434	82653.061	42142.857	0.000	0.000
435	82653.061	44285.714	0.000	0.000
436	82653.061	46428.571	0.000	0.000
437	82653.061	48571.429	0.000	0.000
438	82653.061	50714.286	0.000	0.000
439	82653.061	52857.143	0.000	0.000
440	82653.061	55000.000	0.000	0.000
441	84897.959	10000.000	0.000	0.000
442	84897.959	12142.857	0.000	0.000
443	84897.959	14285.714	0.000	0.000
444	84897.959	16428.571	0.000	0.000
445	84897.959	18571.429	0.000	0.000
446	84897.959	20714.286	0.000	0.000
447	84897.959	22857.143	0.000	0.000
448	84897.959	25000.000	0.000	0.000
449	84897.959	27142.857	0.000	0.000
450	84897.959	29285.714	0.000	0.000
451	84897.959	31428.571	0.000	0.000
452	84897.959	33571.429	0.000	0.000
453	84897.959	35714.286	0.000	0.000
454	84897.959	37857.143	0.000	0.000
455	84897.959	40000.000	0.000	0.000
456	84897.959	42142.857	0.000	0.000
457	84897.959	44285.714	0.000	0.000
458	84897.959	46428.571	0.000	0.000
459	84897.959	48571.429	0.000	0.000
460	84897.959	50714.286	0.000	0.000
461	84897.959	52857.143	0.000	0.000
462	84897.959	55000.000	0.000	0.000
463	87142.857	10000.000	0.000	0.000
464	87142.857	12142.857	0.000	0.000
465	87142.857	14285.714	0.000	0.000
466	87142.857	16428.571	0.000	0.000
467	87142.857	18571.429	0.000	0.000
468	87142.857	20714.286	0.000	0.000
469	87142.857	22857.143	0.000	0.000
470	87142.857	25000.000	0.000	0.000
471	87142.857	27142.857	0.000	0.000
472	87142.857	29285.714	0.000	0.000
473	87142.857	31428.571	0.000	0.000
474	87142.857	33571.429	0.000	0.000
475	87142.857	35714.286	0.000	0.000
476	87142.857	37857.143	0.000	0.000
477	87142.857	40000.000	0.000	0.000
478	87142.857	42142.857	0.000	0.000
479	87142.857	44285.714	0.000	0.000
480	87142.857	46428.571	0.000	0.000
481	87142.857	48571.429	0.000	0.000
482	87142.857	50714.286	0.000	0.000
483	87142.857	52857.143	0.000	0.000
484	87142.857	55000.000	0.000	0.000
485	89387.755	10000.000	0.000	0.000
486	89387.755	12142.857	0.000	0.000
487	89387.755	14285.714	0.000	0.000
488	89387.755	16428.571	0.000	0.000
489	89387.755	18571.429	0.000	0.000
490	89387.755	20714.286	0.000	0.000
491	89387.755	22857.143	0.000	0.000
492	89387.755	25000.000	0.000	0.000
493	89387.755	27142.857	0.000	0.000
494	89387.755	29285.714	0.000	0.000
495	89387.755	31428.571	0.000	0.000
496	89387.755	33571.429	0.000	0.000
497	89387.755	35714.286	0.000	0.000
498	89387.755	37857.143	0.000	0.000
499	89387.755	40000.000	0.000	0.000
500	89387.755	42142.857	0.000	0.000
501	89387.755	44285.714	0.000	0.000
502	89387.755	46428.571	0.000	0.000
503	89387.755	48571.429	0.000	0.000
504	89387.755	50714.286	0.000	0.000
505	89387.755	52857.143	0.000	0.000
506	89387.755	55000.000	0.000	0.000
507	91632.653	10000.000	0.000	0.000
508	91632.653	12142.857	0.000	0.000
509	91632.653	14285.714	0.000	0.000
510	91632.653	16428.571	0.000	0.000
511	91632.653	18571.429	0.000	0.000
512	91632.653	20714.286	0.000	0.000
513	91632.653	22857.143	0.000	0.000
514	91632.653	25000.000	0.000	0.000
515	91632.653	27142.857	0.000	0.000
516	91632.653	29285.714	0.000	0.000
517	91632.653	31428.571	0.000	0.000
518	91632.653	33571.429	0.000	0.000
519	91632.653	35714.286	0.000	0.000
520	91632.653	37857.143	0.000	0.000
521	91632.653	40000.000	0.000	0.000
522	91632.653	42142.857	0.000	0.000
523	91632.653	44285.714	0.000	0.000
524	91632.653	46428.571	0.000	0.000
525	91632.653	48571.429	0.000	0.000
526	91632.653	50714.286	0.000	0.000
527	91632.653	52857.143	0.000	0.000
528	91632.653	55000.000	0.000	0.000
529	93877.551	10000.000	0.000	0.000
530	93877.551	12142.857	0.000	0.000
531	93877.551	14285.714	0.000	0.000
532	93877.551	16428.571	0.000	0.000
533	93877.551	18571.429	0.000	0.000
534	93877.551	20714.286	0.000	0.000
535	93877.551	22857.143	0.000	0.000
536	93877.551	25000.000	0.000	0.000
537	93877.551	27142.857	0.000	0.000
538	93877.551	29285.714	0.000	0.000
539	93877.551	31428.571	0.000	0.000
540	93877.551	33571.429	0.000	0.000
541	93877.551	35714.286	0.000	0.000
542	93877.551	37857.143	0.000	0.000
543	93877.551	40000.000	0.000	0.000
544	93877.551	42142.857	0.000	0.000
545	93877.551	44285.714	0.000	0.000
546	93877.551	46428.571	0.000	0.000
547	93877.551	48571.429	0.000	0.000
548	93877.551	50714.286	0.000	0.000
549	93877.551	52857.143	0.000	0.000
550	93877.551	55000.000	0.000	0.000
551	96122.449	10000.000	0.000	0.000
552	96122.449	12142.857	0.000	0.000
553	96122.449	14285.714	0.000	0.000
554	96122.449	16428.571	0.000	0.000
555	96122.449	18571.429	0.000	0.000
556	96122.449	20714.286	0.000	0.000
557	96122.449	22857.143	0.000	0.000
558	96122.449	25000.000	0.000	0.000
559	96122.449	27142.857	0.000	0.000
560	96122.449	29285.714	0.000	0.000
561	96122.449	31428.571	0.000	0.000
562	96122.449	33571.429	0.000	0.000
563	96122.449	35714.286	0.000	0.000
564	96122.449	37857.143	0.000	0.000
565	96122.449	40000.000	0.000	0.000
566	96122.449	42142.857	0.000	0.000
567	96122.449	44285.714	0.000	0.000
568	96122.449	46428.571	0.000	0.000
569	96122.449	48571.429	0.000	0.000
570	96122.449	50714.286	0.000	0.000
571	96122.449	52857.143	0.000	0.000
572	96122.449	55000.000	0.000	0.000
573	98367.347	10000.000	0.000	0.000
574	98367.347	12142.857	0.000	0.000
575	98367.347	14285.714	0.000	0.000
576	98367.347	16428.571	0.000	0.000
577	98367.347	18571.429	0.000	0.000
578	98367.347	20714.286	0.000	0.000
579	98367.347	22857.143	0.000	0.000
580	98367.347	25000.000	0.000	0.000
581	98367.347	27142.857	0.000	0.000
582	98367.347	29285.714	0.000	0.000
583	98367.347	31428.571	0.000	0.000
584	98367.347	33571.429	0.000	0.000
585	98367.347	35714.286	0.000	0.000
586	98367.347	37857.143	0.000	0.000
587	98367.347	40000.000	0.000	0.000
588	98367.347	42142.857	0.000	0.000
589	98367.347	44285.714	0.000	0.000
590	98367.347	46428.571	0.000	0.000
591	98367.347	48571.429	0.000	0.000
592	98367.347	50714.286	0.000	0.000
593	98367.347	52857.143	0.000	0.000
594	98367.347	55000.000	0.000	0.000
595	100612.245	10000.000	0.000	0.000
596	100612.245	12142.857	0.000	0.000
597	100612.245	14285.714	0.000	0.000
598	100612.245	16428.571	0.000	0.000
599	100612.245	18571.429	0.000	0.000
600	100612.245	20714.286	0.000	0.000
601	100612.245	22857.143	0.000	0.000
602	100612.245	25000.000	0.000	0.000
603	100612.245	27142.857	0.000	0.000
604	100612.245	29285.714	0.000	0.000
605	100612.245	31428.571	0.000	0.000
606	100612.245	33571.429	0.000	0.000
607	100612.245	35714.286	0.000	0.000
608	100612.245	37857.143	0.000	0.000
609	100612.245	40000.000	0.000	0.000
610	100612.245	42142.857	0.000	0.000
611	100612.245	44285.714	0.000	0.000
612	100612.245	46428.571	0.000	0.000
613	100612.245	48571.429	0.000	0.000
614	100612.245	50714.286	0.000	0.000
615	100612.245	52857.143	0.000	0.000
616	100612.245	55000.000	0.000	0.000
617	102857.143	10000.000	0.000	0.000
618	102857.143	12142.857	0.000	0.000
619	102857.143	14285.714	0.000	0.000
620	102857.143	16428.571	0.000	0.000
621	102857.143	18571.429	0.000	0.000
622	102857.143	20714.286	0.000	0.000
623	102857.143	22857.143	0.000	0.000
624	102857.143	25000.000	0.000	0.000
625	102857.143	27142.857	0.000	0.000
626	102857.143	29285.714	0.000	0.000
627	102857.143	31428.571	0.000	0.000
628	102857.143	33571.429	0.000	0.000
629	102857.143	35714.286	0.000	0.000
630	102857.143	37857.143	0.000	0.000
631	102857.143	40000.000	0.000	0.000
632	102857.143	42142.857	0.000	0.000
633	102857.143	44285.714	0.000	0.000
634	102857.143	46428.571	0.000	0.000
635	102857.143	48571.429	0.000	0.000
636	102857.143	50714.286	0.000	0.000
637	102857.143	52857.143	0.000	0.000
638	102857.143	55000.000	0.000	0.000
639	105102.041	10000.000	0.000	0.000
640	105102.041	12142.857	0.000	0.000
641	105102.041	14285.714	0.000	0.000
642	105102.041	16428.571	0.000	0.000
643	105102.041	18571.429	0.000	0.000
644	105102.041	20714.286	0.000	0.000
645	105102.041	22857.143	0.000	0.000
646	105102.041	25000.000	0.000	0.000
647	105102.041	27142.857	0.000	0.000
648	105102.041	29285.714	0.000	0.000
649	105102.041	31428.571	0.000	0.000
650	105102.041	33571.429	0.000	0.000
651	105102.041	35714.286	0.000	0.000
652	105102.041	37857.143	0.000	0.000
653	105102.041	40000.000	0.000	0.000
654	105102.041	42142.857	0.000	0.000
655	105102.041	44285.714	0.000	0.000
656	105102.041	46428.571	0.000	0.000
657	105102.041	48571.429	0.000	0.000
658	105102.041	50714.286	0.000	0.000
659	105102.041	52857.143	0.000	0.000
660	105102.041	55000.000	0.000	0.000
661	107346.939	10000.000	0.000	0.000
662	107346.939	12142.857	0.000	0.000
663	107346.939	14285.714	0.000	0.000
664	107346.939	16428.571	0.000	0.000
665	107346.939	18571.429	0.000	0.000
666	107346.939	20714.286	0.000	0.000
667	107346.939	22857.143	0.000	0.000
668	107346.939	25000.000	0.000	0.000
669	107346.939	27142.857	0.000	0.000
670	107346.939	29285.714	0.000	0.000
671	107346.939	31428.571	0.000	0.000
672	107346.939	33571.429	0.000	0.000
673	107346.939	35714.286	0.000	0.000
674	107346.939	37857.143	0.000	0.000
675	107346.939	40000.000	0.000	0.000
676	107346.939	42142.857	0.000	0.000
677	107346.939	44285.714	0.000	0.000
678	107346.939	46428.571	0.000	0.000
679	107346.939	48571.429	0.000	0.000
680	107346.939	50714.286	0.000	0.000
681	107346.939	52857.143	0.000	0.000
682	107346.939	55000.000	0.000	0.000
683	109591.837	10000.000	0.000	0.000
684	109591.837	12142.857	0.000	0.000
685	109591.837	14285.714	0.000	0.000
686	109591.837	16428.571	0.000	0.000
687	109591.837	18571.429	0.000	0.000
688	109591.837	20714.286	0.000	0.000
689	109591.837	22857.143	0.000	0.000
690	109591.837	25000.000	0.000	0.000
691	109591.837	27142.857	0.000	0.000
692	109591.837	29285.714	0.000	0.000
693	109591.837	31428.571	0.000	0.000
694	109591.837	33571.429	0.000	0.000
695	109591.837	35714.286	0.000	0.000
696	109591.837	37857.143	0.000	0.000
697	109591.837	40000.000	0.000	0.000
698	109591.837	42142.857	0.000	0.000
699	109591.837	44285.714	0.000	0.000
700	109591.837	46428.571	0.000	0.000
701	109591.837	48571.429	0.000	0.000
702	109591.837	50714.286	0.000	0.000
703	109591.837	52857.143	0.000	0.000
704	109591.837	55000.000	0.000	0.000
705	111836.735	10000.000	0.000	0.000
706	111836.735	12142.857	0.000	0.000
707	111836.735	14285.714	0.000	0.000
708	111836.735	16428.571	0.000	0.000
709	111836.735	18571.429	0.000	0.000
710	111836.735	20714.286	0.000	0.000
711	111836.735	22857.143	0.000	0.000
712	111836.735	25000.000	0.000	0.000
713	111836.735	27142.857	0.000	0.000
714	111836.735	29285.714	0.000	0.000
715	111836.735	31428.571	0.000	0.000
716	111836.735	33571.429	0.000	0.000
717	111836.735	35714.286	0.000	0.000
718	111836.735	37857.143	0.000	0.000
719	111836.735	40000.000	0.000	0.000
720	111836.735	42142.857	0.000	0.000
721	111836.735	44285.714	0.000	0.000
722	111836.735	46428.571	0.000	0.000
723	111836.735	48571.429	0.000	0.000
724	111836.735	50714.286	0.000	0.000
725	111836.735	52857.143	0.000	0.000
726	111836.735	55000.000	0.000	0.000
727	114081.633	10000.000	0.000	0.000
728	114081.633	12142.857	0.000	0.000
729	114081.633	14285.714	0.000	0.000
730	114081.633	16428.571	0.000	0.000
731	114081.633	18571.429	0.000	0.000
732	114081.633	20714.286	0.000	0.000
733	114081.633	22857.143	0.000	0.000
734	114081.633	25000.000	0.000	0.000
735	114081.633	27142.857	0.000	0.000
736	114081.633	29285.714	0.000	0.000
737	114081.633	31428.571	0.000	0.000
738	114081.633	33571.429	0.000	0.000
739	114081.633	35714.286	0.000	0.000
740	114081.633	37857.143	0.000	0.000
741	114081.633	40000.000	0.000	0.000
742	114081.633	42142.857	0.000	0.000
743	114081.633	44285.714	0.000	0.000
744	114081.633	46428.571	0.000	0.000
745	114081.633	48571.429	0.000	0.000
746	114081.633	50714.286	0.000	0.000
747	114081.633	52857.143	0.000	0.000
748	114081.633	55000.000	0.000	0.000
749	116326.531	10000.000	0.000	0.000
750	116326.531	12142.857	0.000	0.000
751	116326.531	14285.714	0.000	0.000
752	116326.531	16428.571	0.000	0.000
753	116326.531	18571.429	0.000	0.000
754	116326.531	20714.286	0.000	0.000
755	116326.531	22857.143	0.000	0.000
756	116326.531	25000.000	0.000	0.000
757	116326.531	27142.857	0.000	0.000
758	116326.531	29285.714	0.000	0.000
759	116326.531	31428.571	0.000	0.000
760	116326.531	33571.429	0.000	0.000
761	116326.531	35714.286	0.000	0.000
762	116326.531	37857.143	0.000	0.000
763	116326.531	40000.000	0.000	0.000
764	116326.531	42142.857	0.000	0.000
765	116326.531	44285.714	0.000	0.000
766	116326.531	46428.571	0.000	0.000
767	116326.531	48571.429	0.000	0.000
768	116326.531	50714.286	0.000	0.000
769	116326.531	52857.143	0.000	0.000
770	116326.531	55000.000	0.000	0.000
771	118571.429	10000.000	0.000	0.000
772	118571.429	12142.857	0.000	0.000
773	118571.429	14285.714	0.000	0.000
774	118571.429	16428.571	0.000	0.000
775	118571.429	18571.429	0.000	0.000
776	118571.429	20714.286	0.000	0.000
777	118571.429	22857.143	0.000	0.000
778	118571.429	25000.000	0.000	0.000
779	118571.429	27142.857	0.000	0.000
780	118571.429	29285.714	0.000	0.000
781	118571.429	31428.571	0.000	0.000
782	118571.429	33571.429	0.000	0.000
783	118571.429	35714.286	0.000	0.000
784	118571.429	37857.143	0.000	0.000
785	118571.429	40000.000	0.000	0.000
786	118571.429	42142.857	0.000	0.000
787	118571.429	44285.714	0.000	0.000
788	118571.429	46428.571	0.000	0.000
789	118571.429	48571.429	0.000	0.000
790	118571.429	50714.286	0.000	0.000
791	118571.429	52857.143	0.000	0.000
792	118571.429	55000.000	0.000	0.000
793	120816.327	10000.000	0.000	0.000
794	120816.327	12142.857	0.000	0.000
795	120816.327	14285.714	0.000	0.000
796	120816.327	16428.571	0.000	0.000
797	120816.327	18571.429	0.000	0.000
798	120816.327	20714.286	0.000	0.000
799	120816.327	22857.143	0.000	0.000
800	120816.327	25000.000	0.000	0.000
801	120816.327	27142.857	0.000	0.000
802	120816.327	29285.714	0.000	0.000
803	120816.327	31428.571	0.000	0.000
804	120816.327	33571.429	0.000	0.000
805	120816.327	35714.286	0.000	0.000
806	120816.327	37857.143	0.000	0.000
807	120816.327	40000.000	0.000	0.000
808	120816.327	42142.857	0.000	0.000
809	120816.327	44285.714	0.000	0.000
810	120816.327	46428.571	0.000	0.000
811	120816.327	48571.429	0.000	0.000
812	120816.327	50714.286	0.000	0.000
813	120816.327	52857.143	0.000	0.000
814	120816.327	55000.000	0.000	0.000
815	123061.224	10000.000	0.000	0.000
816	123061.224	12142.857	0.000	0.000
817	123061.224	14285.714	0.000	0.000
818	123061.224	16428.571	0.000	0.000
819	123061.224	18571.429	0.000	0.000
820	123061.224	20714.286	0.000	0.000
821	123061.224	22857.143	0.000	0.000
822	123061.224	25000.000	0.000	0.000
823	123061.224	27142.857	0.000	0.000
824	123061.224	29285.714	0.000	0.000
825	123061.224	31428.571	0.000	0.000
826	123061.224	33571.429	0.000	0.000
827	123061.224	35714.286	0.000	0.000
828	123061.224	37857.143	0.000	0.000
829	123061.224	40000.000	0.000	0.000
830	123061.224	42142.857	0.000	0.000
831	123061.224	44285.714	0.000	0.000
832	123061.224	46428.571	0.000	0.000
833	123061.224	48571.429	0.000	0.000
834	123061.224	50714.286	0.000	0.000
835	123061.224	52857.143	0.000	0.000
836	123061.224	55000.000	0.000	0.000
837	125306.122	10000.000	0.000	0.000
838	125306.122	12142.857	0.000	0.000
839	125306.122	14285.714	0.000	0.000
840	125306.122	16428.571	0.000	0.000
841	125306.122	18571.429	0.000	0.000
842	125306.122	20714.286	0.000	0.000
843	125306.122	22857.143	0.000	0.000
844	125306.122	25000.000	0.000	0.000
845	125306.122	27142.857	0.000	0.000
846	125306.122	29285.714	0.000	0.000
847	125306.122	31428.571	0.000	0.000
848	125306.122	33571.429	0.000	0.000
849	125306.122	35714.286	0.000	0.000
850	125306.122	37857.143	0.000	0.000
851	125306.122	40000.000	0.000	0.000
852	125306.122	42142.857	0.000	0.000
853	125306.122	44285.714	0.000	0.000
854	125306.122	46428.571	0.000	0.000
855	125306.122	48571.429	0.000	0.000
856	125306.122	50714.286	0.000	0.000
857	125306.122	52857.143	0.000	0.000
858	125306.122	55000.000	0.000	0.000
859	127551.020	10000.000	0.000	0.000
860	127551.020	12142.857	0.000	0.000
861	127551.020	14285.714	0.000	0.000
862	127551.020	16428.571	0.000	0.000
863	127551.020	18571.429	0.000	0.000
864	127551.020	20714.286	0.000	0.000
865	127551.020	22857.143	0.000	0.000
866	127551.020	25000.000	0.000	0.000
867	127551.020	27142.857	0.000	0.000
868	127551.020	29285.714	0.000	0.000
869	127551.020	31428.571	0.000	0.000
870	127551.020	33571.429	0.000	0.000
871	127551.020	35714.286	0.000	0.000
872	127551.020	37857.143	0.000	0.000
873	127551.020	40000.000	0.000	0.000
874	127551.020	42142.857	0.000	0.000
875	127551.020	44285.714	0.000	0.000
876	127551.020	46428.571	0.000	0.000
877	127551.020	48571.429	0.000	0.000
878	127551.020	50714.286	0.000	0.000
879	127551.020	52857.143	0.000	0.000
880	127551.020	55000.000	0.000	0.000
881	129795.918	10000.000	0.000	0.000
882	129795.918	12142.857	0.000	0.000
883	129795.918	14285.714	0.000	0.000
884	129795.918	16428.571	0.000	0.000
885	129795.918	18571.429	0.000	0.000
886	129795.918	20714.286	0.000	0.000
887	129795.918	22857.143	0.000	0.000
888	129795.918	25000.000	0.000	0.000
889	129795.918	27142.857	0.000	0.000
890	129795.918	29285.714	0.000	0.000
891	129795.918	31428.571	0.000	0.000
892	129795.918	33571.429	0.000	0.000
893	129795.918	35714.286	0.000	0.000
894	129795.918	37857.143	0.000	0.000
895	129795.918	40000.000	0.000	0.000
896	129795.918	42142.857	0.000	0.000
897	129795.918	44285.714	0.000	0.000
898	129795.918	46428.571	0.000	0.000
899	129795.918	48571.429	0.000	0.000
900	129795.918	50714.286	0.000	0.000
901	129795.918	52857.143	0.000	0.000
902	129795.918	55000.000	0.000	0.000
903	132040.816	10000.000	0.000	0.000
904	132040.816	12142.857	0.000	0.000
905	132040.816	14285.714	0.000	0.000
906	132040.816	16428.571	0.000	0.000
907	132040.816	18571.429	0.000	0.000
908	132040.816	20714.286	0.000	0.000
909	132040.816	22857.143	0.000	0.000
910	132040.816	25000.000	0.000	0.000
911	132040.816	27142.857	0.000	0.000
912	132040.816	29285.714	0.000	0.000
913	132040.816	31428.571	0.000	0.000
914	132040.816	33571.429	0.000	0.000
915	132040.816	35714.286	0.000	0.000
916	132040.816	37857.143	0.000	0.000
917	132040.816	40000.000	0.000	0.000
918	132040.816	42142.857	0.000	0.000
919	132040.816	44285.714	0.000	0.000
920	132040.816	46428.571	0.000	0.000
921	132040.816	48571.429	0.000	0.000
922	132040.816	50714.286	0.000	0.000
923	132040.816	52857.143	0.000	0.000
924	132040.816	55000.000	0.000	0.000
925	134285.714	10000.000	0.000	0.000
926	134285.714	12142.857	0.000	0.000
927	134285.714	14285.714	0.000	0.000
928	134285.714	16428.571	0.000	0.000
929	134285.714	18571.429	0.000	0.000
930	134285.714	20714.286	0.000	0.000
931	134285.714	22857.143	0.000	0.000
932	134285.714	25000.000	0.000	0.000
933	134285.714	27142.857	0.000	0.000
934	134285.714	29285.714	0.000	0.000
935	134285.714	31428.571	0.000	0.000
936	134285.714	33571.429	0.000	0.000
937	134285.714	35714.286	0.000	0.000
938	134285.714	37857.143	0.000	0.000
939	134285.714	40000.000	0.000	0.000
940	134285.714	42142.857	0.000	0.000
941	134285.714	44285.714	0.000	0.000
942	134285.714	46428.571	0.000	0.000
943	134285.714	48571.429	0.000	0.000
944	134285.714	50714.286	0.000	0.000
945	134285.714	52857.143	0.000	0.000
946	134285.714	55000.000	0.000	0.000
947	136530.612	10000.000	0.000	0.000
948	136530.612	12142.857	0.000	0.000
949	136530.612	14285.714	0.000	0.000
950	136530.612	16428.571	0.000	0.000
951	136530.612	18571.429	0.000	0.000
952	136530.612	20714.286	0.000	0.000
953	136530.612	22857.143	0.000	0.000
954	136530.612	25000.000	0.000	0.000
955	136530.612	27142.857	0.000	0.000
956	136530.612	29285.714	0.000	0.000
957	136530.612	31428.571	0.000	0.000
958	136530.612	33571.429	0.000	0.000
959	136530.612	35714.286	0.000	0.000
960	136530.612	37857.143	0.000	0.000
961	136530.612	40000.000	0.000	0.000
962	136530.612	42142.857	0.000	0.000
963	136530.612	44285.714	0.000	0.000
964	136530.612	46428.571	0.000	0.000
965	136530.612	48571.429	0.000	0.000
966	136530.612	50714.286	0.000	0.000
967	136530.612	52857.143	0.000	0.000
968	136530.612	55000.000	0.000	0.000
969	138775.510	10000.000	0.000	0.000
970	138775.510	12142.857	0.000	0.000
971	138775.510	14285.714	0.000	0.000
972	138775.510	16428.571	0.000	0.000
973	138775.510	18571.429	0.000	0.000
974	138775.510	20714.286	0.000	0.000
975	138775.510	22857.143	0.000	0.000
976	138775.510	25000.000	0.000	0.000
977	138775.510	27142.857	0.000	0.000
978	138775.510	29285.714	0.000	0.000
979	138775.510	31428.571	0.000	0.000
980	138775.510	33571.429	0.000	0.000
981	138775.510	35714.286	0.000	0.000
982	138775.510	37857.143	0.000	0.000
983	138775.510	40000.000	0.000	0.000
984	138775.510	42142.857	0.000	0.000
985	138775.510	44285.714	0.000	0.000
986	138775.510	46428.571	0.000	0.000
987	138775.510	48571.429	0.000	0.000
988	138775.510	50714.286	0.000	0.000
989	138775.510	52857.143	0.000	0.000
990	138775.510	55000.000	0.000	0.000
991	141020.408	10000.000	0.000	0.000
992	141020.408	12142.857	0.000	0.000
993	141020.408	14285.714	0.000	0.000
994	141020.408	16428.571	0.000	0.000
995	141020.408	18571.429	0.000	0.000
996	141020.408	20714.286	0.000	0.000
997	141020.408	22857.143	0.000	0.000
998	141020.408	25000.000	0.000	0.000
999	141020.408	27142.857	0.000	0.000
1000	141020.408	29285.714	0.000	0.000
1001	141020.408	31428.571	0.000	0.000
1002	141020.408	33571.429	0.000	0.000
1003	141020.408	35714.286	0.000	0.000
1004	141020.408	37857.143	0.000	0.000
1005	141020.408	40000.000	0.000	0.000
1006	141020.408	42142.857	0.000	0.000
1007	141020.408	44285.714	0.000	0.000
1008	141020.408	46428.571	0.000	0.000
1009	141020.408	48571.429	0.000	0.000
1010	141020.408	50714.286	0.000	0.000
1011	141020.408	52857.143	0.000	0.000
1012	141020.408	55000.000	0.000	0.000
1013	143265.306	10000.000	0.000	0.000
1014	143265.306	12142.857	0.000	0.000
1015	143265.306	14285.714	0.000	0.000
1016	143265.306	16428.571	0.000	0.000
1017	143265.306	18571.429	0.000	0.000
1018	143265.306	20714.286	0.000	0.000
1019	143265.306	22857.143	0.000	0.000
1020	143265.306	25000.000	0.000	0.000
1021	143265.306	27142.857	0.000	0.000
1022	143265.306	29285.714	0.000	0.000
1023	143265.306	31428.571	0.000	0.000
1024	143265.306	33571.429	0.000	0.000
1025	143265.306	35714.286	0.000	0.000
1026	143265.306	37857.143	0.000	0.000
1027	143265.306	40000.000	0.000	0.000
1028	143265.306	42142.857	0.000	0.000
1029	143265.306	44285.714	0.000	0.000
1030	143265.306	46428.571	0.000	0.000
1031	143265.306	48571.429	0.000	0.000
1032	143265.306	50714.286	0.000	0.000
1033	143265.306	52857.143	0.000	0.000
1034	143265.306	55000.000	0.000	0.000
1035	145510.204	10000.000	0.000	0.000
1036	145510.204	12142.857	0.000	0.000
1037	145510.204	14285.714	0.000	0.000
1038	145510.204	16428.571	0.000	0.000
1039	145510.204	18571.429	0.000	0.000
1040	145510.204	20714.286	0.000	0.000
1041	145510.204	22857.143	0.000	0.000
1042	145510.204	25000.000	0.000	0.000
1043	145510.204	27142.857	0.000	0.000
1044	145510.204	29285.714	0.000	0.000
1045	145510.204	31428.571	0.000	0.000
1046	145510.204	33571.429	0.000	0.000
1047	145510.204	35714.286	0.000	0.000
1048	145510.204	37857.143	0.000	0.000
1049	145510.204	40000.000	0.000	0.000
1050	145510.204	42142.857	0.000	0.000
1051	145510.204	44285.714	0.000	0.000
1052	145510.204	46428.571	0.000	0.000
1053	145510.204	48571.429	0.000	0.000
1054	145510.204	50714.286	0.000	0.000
1055	145510.204	52857.143	0.000	0.000
1056	145510.204	55000.000	0.000	0.000
1057	147755.102	10000.000	0.000	0.000
1058	147755.102	12142.857	0.000	0.000
1059	147755.102	14285.714	0.000	0.000
1060	147755.102	16428.571	0.000	0.000
1061	147755.102	18571.429	0.000	0.000
1062	147755.102	20714.286	0.000	0.000
1063	147755.102	22857.143	0.000	0.000
1064	147755.102	25000.000	0.000	0.000
1065	147755.102	27142.857	0.000	0.000
1066	147755.102	29285.714	0.000	0.000
1067	147755.102	31428.571	0.000	0.000
1068	147755.102	33571.429	0.000	0.000
1069	147755.102	35714.286	0.000	0.000
1070	147755.102	37857.143	0.000	0.000
1071	147755.102	40000.000	0.000	0.000
1072	147755.102	42142.857	0.000	0.000
1073	147755.102	44285.714	0.000	0.000
1074	147755.102	46428.571	0.000	0.000
1075	147755.102	48571.429	0.000	0.000
1076	147755.102	50714.286	0.000	0.000
1077	147755.102	52857.143	0.000	0.000
1078	147755.102	55000.000	0.000	0.000
1079	150000.000	10000.000	0.000	0.000
1080	150000.000	12142.857	0.000	0.000
1081	150000.000	14285.714	0.000	0.000
1082	150000.000	16428.571	0.000	0.000
1083	150000.000	18571.429	0.000	0.000
1084	150000.000	20714.286	0.000	0.000
1085	150000.000	22857.143	0.000	0.000
1086	150000.000	25000.000	0.000	0.000
1087	150000.000	27142.857	0.000	0.000
1088	150000.000	29285.714	0.000	0.000
1089	150000.000	31428.571	0.000	0.000
1090	150000.000	33571.429	0.000	0.000
1091	150000.000	35714.286	0.000	0.000
1092	150000.000	37857.143	0.000	0.000
1093	150000.000	40000.000	0.000	0.000
1094	150000.000	42142.857	0.000	0.000
1095	150000.000	44285.714	0.000	0.000
1096	150000.000	46428.571	0.000	0.000
1097	150000.000	48571.429	0.000	0.000
1098	150000.000	50714.286	0.000	0.000
1099	150000.000	52857.143	0.000	0.000
1100	150000.000	55000.000	0.000	0.000
1	3	674	652	673
2	3	845	844	866
3	3	282	261	260
4	3	676	697	698
5	3	289	268	267
6	3	988	966	987
7	3	115	116	94
8	3	482	461	460
9	3	68	69	47
10	3	576	555	554
11	3	27	26	48
12	3	995	973	994
13	3	285	264	263
14	3	51	50	72
15	3	214	192	213
16	3	333	311	332
17	3	237	259	238
18	3	545	567	546
19	3	495	473	494
20	3	359	337	358
21	3	482	504	483
22	3	435	436	414
23	3	893	894	872
24	3	856	834	855
25	3	559	581	560
26	3	463	464	442
27	3	849	850	828
28	3	812	790	811
29	3	867	888	889
30	3	804	826	805
31	3	551	552	530
32	3	1042	1043	1021
33	3	33	34	12
34	3	4	3	25
35	3	161	139	160
36	3	138	137	159
37	3	48	69	70
38	3	948	926	947
39	3	447	448	426
40	3	279	280	258
41	3	354	332	353
42	3	331	310	309
43	3	406	428	407
44	3	383	382	404
45	3	230	229	251
46	3	272	250	271
47	3	492	491	513
48	3	325	346	347
49	3	534	513	512
50	3	445	423	444
51	3	50	51	29
52	3	133	155	134
53	3	254	275	276
54	3	246	224	245
55	3	146	168	147
56	3	249	227	248
57	3	108	109	87
58	3	139	138	160
59	3	323	322	344
60	3	166	165	187
61	3	319	318	340
62	3	500	499	521
63	3	22	21	43
64	3	7	6	28
65	3	347	369	348
66	3	149	127	148
67	3	219	197	218
68	3	260	238	259
69	3	284	283	305
70	3	828	807	806
71	3	436	457	458
72	3	477	499	478
73	3	502	501	523
74	3	629	651	630
75	3	338	316	337
76	3	452	451	473
77	3	410	409	431
78	3	433	455	434
79	3	470	471	449
80	3	453	452	474
81	3	472	473	451
82	3	474	496	475
83	3	500	522	501
84	3	494	473	472
85	3	523	524	502
86	3	589	567	588
87	3	588	567	566
88	3	525	504	503
89	3	615	616	594
90	3	636	658	637
91	3	638	616	637
92	3	680	701	702
93	3	681	660	659
94	3	658	679	680
95	3	836	814	835
96	3	898	877	876
97	3	901	880	879
98	3	653	632	631
99	3	830	808	829
100	3	828	829	807
101	3	813	812	834
102	3	850	872	851
103	3	1003	982	981
104	3	893	915	894
105	3	898	899	877
106	3	1018	1019	997
107	3	960	982	961
108	3	1088	1067	1066
109	3	1093	1094	1072
110	3	1017	1016	1038
111	3	1009	1031	1010
112	3	738	760	739
113	3	806	827	828
114	3	826	848	827
115	3	850	829	828
116	3	846	824	845
117	3	872	871	893
118	3	421	420	442
119	3	602	603	581
120	3	604	626	605
121	3	816	794	815
122	3	929	930	908
123	3	817	818	796
124	3	972	951	950
125	3	912	934	913
126	3	1061	1039	1060
127	3	1043	1065	1044
128	3	1037	1059	1038
129	3	1086	1087	1065
130	3	46	24	45
131	3	245	224	223
132	3	67	68	46
133	3	48	70	49
134	3	24	23	45
135	3	89	111	90
136	3	49	50	28
137	3	92	93	71
138	3	93	72	71
139	3	69	90	91
140	3	117	138	139
141	3	246	225	224
142	3	111	112	90
143	3	226	225	247
144	3	203	181	202
145	3	67	89	68
146	3	181	180	202
147	3	266	244	265
148	3	224	202	223
149	3	288	266	287
150	3	289	267	288
151	3	288	309	310
152	3	354	333	332
153	3	356	334	355
154	3	486	465	464
155	3	420	419	441
156	3	467	445	466
157	3	400	378	399
158	3	487	466	465
159	3	465	444	443
160	3	468	467	489
161	3	444	465	466
162	3	291	292	270
163	3	291	269	290
164	3	355	333	354
165	3	310	331	332
166	3	312	333	334
167	3	312	311	333
168	3	377	355	376
169	3	334	333	355
170	3	137	138	116
171	3	159	137	158
172	3	184	185	163
173	3	71	50	49
174	3	205	183	204
175	3	161	160	182
176	3	337	336	358
177	3	249	228	227
178	3	356	377	378
179	3	273	295	274
180	3	404	403	425
181	3	423	445	424
182	3	317	338	339
183	3	344	366	345
184	3	469	491	470
185	3	449	428	427
186	3	469	468	490
187	3	492	513	514
188	3	274	275	253
189	3	120	99	98
190	3	293	294	272
191	3	273	274	252
192	3	317	318	296
193	3	318	297	296
194	3	294	315	316
195	3	341	363	342
196	3	121	142	143
197	3	31	10	9
198	3	76	97	98
199	3	125	104	103
200	3	98	97	119
201	3	186	185	207
202	3	94	72	93
203	3	73	51	72
204	3	72	94	73
205	3	117	139	118
206	3	162	140	161
207	3	117	95	116
208	3	29	8	7
209	3	6	5	27
210	3	71	72	50
211	3	95	96	74
212	3	30	29	51
213	3	32	11	10
214	3	73	74	52
215	3	9	8	30
216	3	52	53	31
217	3	76	77	55
218	3	100	79	78
219	3	56	35	34
220	3	55	54	76
221	3	14	13	35
222	3	56	34	55
223	3	12	11	33
224	3	144	122	143
225	3	20	19	41
226	3	142	164	143
227	3	101	80	79
228	3	233	232	254
229	3	239	238	260
230	3	213	191	212
231	3	262	241	240
232	3	236	237	215
233	3	283	282	304
234	3	278	257	256
235	3	324	323	345
236	3	64	63	85
237	3	16	37	38
238	3	197	175	196
239	3	103	82	81
240	3	147	169	148
241	3	131	130	152
242	3	192	191	213
243	3	110	131	132
244	3	175	174	196
245	3	149	170	171
246	3	217	218	196
247	3	64	43	42
248	3	65	44	43
249	3	87	65	86
250	3	86	85	107
251	3	262	261	283
252	3	415	393	414
253	3	286	285	307
254	3	263	284	285
255	3	284	306	285
256	3	393	392	414
257	3	171	170	192
258	3	237	238	216
259	3	241	219	240
260	3	218	217	239
261	3	263	262	284
262	3	240	239	261
263	3	258	280	259
264	3	305	306	284
265	3	304	305	283
266	3	327	328	306
267	3	371	350	349
268	3	392	370	391
269	3	415	414	436
270	3	455	433	454
271	3	329	307	328
272	3	285	306	307
273	3	306	328	307
274	3	306	305	327
275	3	416	395	394
276	3	371	370	392
277	3	484	462	483
278	3	350	328	349
279	3	479	458	457
280	3	308	307	329
281	3	415	436	437
282	3	414	413	435
283	3	436	458	437
284	3	479	478	500
285	3	439	460	461
286	3	459	458	480
287	3	502	480	501
288	3	481	459	480
289	3	385	386	364
290	3	412	434	413
291	3	392	413	414
292	3	368	347	346
293	3	436	435	457
294	3	390	412	391
295	3	322	323	301
296	3	325	347	326
297	3	344	343	365
298	3	391	413	392
299	3	345	346	324
300	3	388	367	366
301	3	300	299	321
302	3	341	340	362
303	3	300	321	322
304	3	320	319	341
305	3	320	342	321
306	3	365	386	387
307	3	342	343	321
308	3	364	363	385
309	3	361	339	360
310	3	433	432	454
311	3	431	430	452
312	3	428	450	429
313	3	432	431	453
314	3	451	450	472
315	3	582	561	560
316	3	544	566	545
317	3	546	547	525
318	3	520	499	498
319	3	655	634	633
320	3	608	607	629
321	3	720	721	699
322	3	628	607	606
323	3	695	696	674
324	3	678	699	700
325	3	691	669	690
326	3	762	783	784
327	3	718	719	697
328	3	740	762	741
329	3	740	741	719
330	3	806	805	827
331	3	763	762	784
332	3	807	786	785
333	3	480	479	501
334	3	456	434	455
335	3	542	563	564
336	3	499	477	498
337	3	652	653	631
338	3	631	630	652
339	3	655	633	654
340	3	591	570	569
341	3	547	526	525
342	3	503	481	502
343	3	569	547	568
344	3	525	503	524
345	3	567	568	546
346	3	611	610	632
347	3	505	504	526
348	3	593	615	594
349	3	615	637	616
350	3	659	660	638
351	3	748	747	769
352	3	764	742	763
353	3	703	725	704
354	3	769	791	770
355	3	636	614	635
356	3	590	568	589
357	3	657	678	679
358	3	788	767	766
359	3	724	702	723
360	3	855	876	877
361	3	792	791	813
362	3	769	790	791
363	3	811	810	832
364	3	851	829	850
365	3	856	855	877
366	3	833	832	854
367	3	920	919	941
368	3	857	858	836
369	3	878	900	879
370	3	812	791	790
371	3	899	900	878
372	3	835	834	856
373	3	878	879	857
374	3	924	923	945
375	3	989	990	968
376	3	1009	1030	1031
377	3	989	968	967
378	3	985	986	964
379	3	945	967	946
380	3	1006	1028	1007
381	3	1029	1030	1008
382	3	1051	1052	1030
383	3	1031	1032	1010
384	3	1076	1098	1077
385	3	1028	1029	1007
386	3	1028	1049	1050
387	3	1071	1093	1072
388	3	1030	1052	1031
389	3	1032	1011	1010
390	3	787	786	808
391	3	807	829	808
392	3	854	832	853
393	3	789	790	768
394	3	919	898	897
395	3	916	894	915
396	3	827	849	828
397	3	854	876	855
398	3	872	873	851
399	3	918	917	939
400	3	891	892	870
401	3	961	982	983
402	3	914	936	915
403	3	980	1001	1002
404	3	1003	1002	1024
405	3	1003	1025	1004
406	3	1048	1069	1070
407	3	1049	1070	1071
408	3	845	866	867
409	3	979	1001	980
410	3	1022	1044	1023
411	3	1025	1047	1026
412	3	1022	1021	1043
413	3	1069	1091	1070
414	3	999	998	1020
415	3	1061	1060	1082
416	3	998	997	1019
417	3	1019	1041	1020
418	3	1018	1040	1019
419	3	1064	1086	1065
420	3	623	644	645
421	3	846	868	847
422	3	800	799	821
423	3	884	883	905
424	3	824	825	803
425	3	820	819	841
426	3	758	737	736
427	3	717	696	695
428	3	820	841	842
429	3	954	975	976
430	3	868	869	847
431	3	891	912	913
432	3	889	911	890
433	3	934	935	913
434	3	670	669	691
435	3	605	606	584
436	3	625	646	647
437	3	694	695	673
438	3	647	646	668
439	3	694	716	695
440	3	586	587	565
441	3	496	474	495
442	3	580	581	559
443	3	605	627	606
444	3	648	627	626
445	3	650	672	651
446	3	448	447	469
447	3	537	536	558
448	3	490	512	491
449	3	490	489	511
450	3	602	623	624
451	3	665	644	643
452	3	623	645	624
453	3	670	692	671
454	3	692	693	671
455	3	623	601	622
456	3	668	669	647
457	3	777	756	755
458	3	668	690	669
459	3	687	688	666
460	3	666	667	645
461	3	710	689	688
462	3	753	775	754
463	3	797	775	796
464	3	753	731	752
465	3	554	533	532
466	3	489	467	488
467	3	557	535	556
468	3	552	531	530
469	3	687	709	688
470	3	645	646	624
471	3	485	464	463
472	3	443	444	422
473	3	508	486	507
474	3	508	509	487
475	3	553	531	552
476	3	509	488	487
477	3	533	511	532
478	3	510	531	532
479	3	705	684	683
480	3	577	578	556
481	3	795	774	773
482	3	753	754	732
483	3	772	751	750
484	3	819	797	818
485	3	751	730	729
486	3	819	818	840
487	3	795	794	816
488	3	838	837	859
489	3	797	776	775
490	3	754	775	776
491	3	864	843	842
492	3	843	844	822
493	3	863	842	841
494	3	865	844	843
495	3	818	817	839
496	3	909	930	931
497	3	904	905	883
498	3	839	840	818
499	3	907	908	886
500	3	863	862	884
501	3	859	860	838
502	3	883	884	862
503	3	925	926	904
504	3	883	861	882
505	3	950	949	971
506	3	992	1013	1014
507	3	1059	1081	1060
508	3	1	23	2
509	3	134	112	133
510	3	201	202	180
511	3	156	155	177
512	3	93	92	114
513	3	90	68	89
514	3	2	24	3
515	3	46	68	47
516	3	113	91	112
517	3	69	68	90
518	3	115	114	136
519	3	113	134	135
520	3	25	24	46
521	3	2	23	24
522	3	48	26	47
523	3	3	24	25
524	3	67	46	45
525	3	47	25	46
526	3	26	4	25
527	3	47	26	25
528	3	49	28	27
529	3	69	48	47
530	3	49	27	48
531	3	4	26	5
532	3	6	27	28
533	3	5	26	27
534	3	70	71	49
535	3	70	92	71
536	3	94	116	95
537	3	115	137	116
538	3	114	113	135
539	3	157	156	178
540	3	136	137	115
541	3	136	158	137
542	3	69	91	70
543	3	90	112	91
544	3	91	92	70
545	3	91	113	92
546	3	134	113	112
547	3	135	136	114
548	3	93	114	115
549	3	92	113	114
550	3	181	160	159
551	3	136	135	157
552	3	225	204	203
553	3	179	157	178
554	3	225	203	224
555	3	179	158	157
556	3	180	159	158
557	3	160	138	159
558	3	182	181	203
559	3	159	180	181
560	3	207	228	229
561	3	160	181	182
562	3	227	226	248
563	3	204	225	226
564	3	269	247	268
565	3	248	226	247
566	3	269	248	247
567	3	271	250	249
568	3	224	203	202
569	3	204	182	203
570	3	245	223	244
571	3	200	201	179
572	3	266	245	244
573	3	268	247	246
574	3	267	246	245
575	3	247	225	246
576	3	134	155	156
577	3	201	223	202
578	3	199	200	178
579	3	222	223	201
580	3	179	201	180
581	3	200	222	201
582	3	135	134	156
583	3	112	111	133
584	3	136	157	158
585	3	135	156	157
586	3	200	179	178
587	3	180	158	179
588	3	156	177	178
589	3	177	199	178
590	3	199	221	200
591	3	222	244	223
592	3	243	244	222
593	3	221	222	200
594	3	221	243	222
595	3	265	244	243
596	3	287	266	265
597	3	267	245	266
598	3	309	288	287
599	3	311	312	290
600	3	355	354	376
601	3	332	331	353
602	3	288	267	266
603	3	268	246	267
604	3	310	289	288
605	3	290	268	289
606	3	310	311	289
607	3	310	332	311
608	3	398	377	376
609	3	357	358	336
610	3	375	397	376
611	3	422	423	401
612	3	423	422	444
613	3	398	376	397
614	3	354	353	375
615	3	354	375	376
616	3	399	398	420
617	3	419	398	397
618	3	399	377	398
619	3	443	464	465
620	3	486	464	485
621	3	530	508	529
622	3	486	485	507
623	3	551	530	529
624	3	531	510	509
625	3	596	617	618
626	3	621	643	622
627	3	619	641	620
628	3	553	532	531
629	3	487	488	466
630	3	512	513	491
631	3	529	508	507
632	3	530	531	509
633	3	530	509	508
634	3	510	488	509
635	3	399	420	421
636	3	398	419	420
637	3	441	442	420
638	3	441	463	442
639	3	442	443	421
640	3	442	464	443
641	3	486	487	465
642	3	486	508	487
643	3	399	378	377
644	3	400	422	401
645	3	421	400	399
646	3	423	424	402
647	3	421	422	400
648	3	421	443	422
649	3	510	489	488
650	3	467	446	445
651	3	510	511	489
652	3	510	532	511
653	3	642	664	643
654	3	555	533	554
655	3	490	468	489
656	3	490	491	469
657	3	556	534	555
658	3	534	512	533
659	3	555	534	533
660	3	535	513	534
661	3	380	401	402
662	3	379	400	401
663	3	361	340	339
664	3	401	423	402
665	3	466	445	444
666	3	446	424	445
667	3	488	467	466
668	3	468	446	467
669	3	334	335	313
670	3	334	356	335
671	3	335	357	336
672	3	379	401	380
673	3	381	360	359
674	3	358	357	379
675	3	377	356	355
676	3	379	380	358
677	3	356	357	335
678	3	356	378	357
679	3	378	379	357
680	3	378	400	379
681	3	290	269	268
682	3	270	248	269
683	3	311	290	289
684	3	314	335	336
685	3	312	291	290
686	3	314	315	293
687	3	291	270	269
688	3	271	249	270
689	3	270	292	271
690	3	291	313	292
691	3	312	313	291
692	3	312	334	313
693	3	313	314	292
694	3	313	335	314
695	3	293	315	294
696	3	314	336	315
697	3	336	337	315
698	3	358	380	359
699	3	403	404	382
700	3	360	339	338
701	3	294	316	295
702	3	315	337	316
703	3	359	338	337
704	3	339	318	317
705	3	359	360	338
706	3	340	318	339
707	3	383	404	405
708	3	383	384	362
709	3	382	361	360
710	3	362	340	361
711	3	427	448	449
712	3	427	428	406
713	3	380	381	359
714	3	380	402	381
715	3	381	382	360
716	3	381	403	382
717	3	402	403	381
718	3	402	424	403
719	3	424	425	403
720	3	424	446	425
721	3	446	447	425
722	3	446	468	447
723	3	511	512	490
724	3	511	533	512
725	3	556	535	534
726	3	536	514	535
727	3	577	556	555
728	3	579	558	557
729	3	578	557	556
730	3	558	536	557
731	3	515	493	514
732	3	513	535	514
733	3	557	536	535
734	3	558	580	559
735	3	516	494	515
736	3	515	536	537
737	3	425	426	404
738	3	425	447	426
739	3	448	469	470
740	3	447	468	469
741	3	449	471	450
742	3	470	492	471
743	3	536	515	514
744	3	470	491	492
745	3	470	449	448
746	3	450	428	449
747	3	471	472	450
748	3	493	492	514
749	3	471	493	472
750	3	515	537	516
751	3	472	493	494
752	3	471	492	493
753	3	538	516	537
754	3	494	493	515
755	3	558	559	537
756	3	628	606	627
757	3	559	538	537
758	3	538	517	516
759	3	559	560	538
760	3	517	495	516
761	3	538	560	539
762	3	583	605	584
763	3	475	453	474
764	3	452	473	474
765	3	518	496	517
766	3	474	473	495
767	3	539	517	538
768	3	495	494	516
769	3	540	518	539
770	3	520	521	499
771	3	406	407	385
772	3	428	429	407
773	3	407	408	386
774	3	407	429	408
775	3	430	451	452
776	3	429	450	451
777	3	385	384	406
778	3	404	426	405
779	3	384	383	405
780	3	405	427	406
781	3	426	427	405
782	3	426	448	427
783	3	316	317	295
784	3	316	338	317
785	3	406	384	405
786	3	361	382	383
787	3	363	384	385
788	3	363	362	384
789	3	298	297	319
790	3	297	318	319
791	3	320	341	342
792	3	319	340	341
793	3	383	362	361
794	3	363	341	362
795	3	366	365	387
796	3	385	407	386
797	3	255	233	254
798	3	296	295	317
799	3	232	210	231
800	3	275	297	276
801	3	320	298	319
802	3	275	274	296
803	3	209	187	208
804	3	169	191	170
805	3	254	253	275
806	3	210	188	209
807	3	208	230	209
808	3	252	274	253
809	3	118	140	119
810	3	183	182	204
811	3	229	208	207
812	3	208	187	186
813	3	165	164	186
814	3	164	185	186
815	3	229	230	208
816	3	251	252	230
817	3	230	231	209
818	3	230	252	231
819	3	231	252	253
820	3	251	273	252
821	3	275	296	297
822	3	274	295	296
823	3	207	206	228
824	3	228	250	229
825	3	294	273	272
826	3	251	229	250
827	3	250	272	251
828	3	294	295	273
829	3	270	249	248
830	3	250	228	249
831	3	293	272	271
832	3	273	251	272
833	3	292	293	271
834	3	292	314	293
835	3	163	162	184
836	3	161	182	183
837	3	226	205	204
838	3	206	185	184
839	3	206	227	228
840	3	205	226	227
841	3	183	162	161
842	3	141	119	140
843	3	183	184	162
844	3	183	205	184
845	3	205	206	184
846	3	205	227	206
847	3	186	207	208
848	3	185	206	207
849	3	140	118	139
850	3	119	97	118
851	3	161	140	139
852	3	162	163	141
853	3	162	141	140
854	3	165	186	187
855	3	115	94	93
856	3	95	73	94
857	3	97	96	118
858	3	95	117	96
859	3	138	117	116
860	3	118	96	117
861	3	29	7	28
862	3	50	29	28
863	3	30	8	29
864	3	52	74	53
865	3	73	95	74
866	3	31	9	30
867	3	52	31	30
868	3	53	54	32
869	3	51	52	30
870	3	51	73	52
871	3	74	75	53
872	3	74	96	75
873	3	75	54	53
874	3	55	34	33
875	3	120	98	119
876	3	75	96	97
877	3	77	98	99
878	3	77	76	98
879	3	141	120	119
880	3	121	99	120
881	3	141	142	120
882	3	141	163	142
883	3	163	164	142
884	3	163	185	164
885	3	142	121	120
886	3	122	100	121
887	3	145	124	123
888	3	122	121	143
889	3	166	167	145
890	3	143	164	165
891	3	31	32	10
892	3	31	53	32
893	3	32	33	11
894	3	32	54	33
895	3	78	56	77
896	3	33	54	55
897	3	75	76	54
898	3	75	97	76
899	3	13	12	34
900	3	77	56	55
901	3	35	13	34
902	3	99	78	77
903	3	79	57	78
904	3	57	35	56
905	3	57	79	58
906	3	78	57	56
907	3	61	60	82
908	3	79	80	58
909	3	101	100	122
910	3	123	102	101
911	3	149	148	170
912	3	145	146	124
913	3	147	148	126
914	3	189	188	210
915	3	147	125	146
916	3	99	100	78
917	3	99	121	100
918	3	80	101	102
919	3	79	100	101
920	3	102	123	124
921	3	101	122	123
922	3	122	144	123
923	3	143	165	144
924	3	165	166	144
925	3	190	189	211
926	3	187	188	166
927	3	187	209	188
928	3	231	210	209
929	3	211	189	210
930	3	253	232	231
931	3	233	212	211
932	3	277	255	276
933	3	232	253	254
934	3	232	211	210
935	3	212	191	190
936	3	234	233	255
937	3	211	232	233
938	3	257	235	256
939	3	212	233	234
940	3	144	145	123
941	3	144	166	145
942	3	145	167	146
943	3	166	188	167
944	3	167	168	146
945	3	167	189	168
946	3	212	190	211
947	3	167	188	189
948	3	124	125	103
949	3	124	146	125
950	3	168	169	147
951	3	168	190	169
952	3	169	190	191
953	3	168	189	190
954	3	234	213	212
955	3	237	216	215
956	3	234	235	213
957	3	234	256	235
958	3	279	301	280
959	3	258	237	236
960	3	235	214	213
961	3	194	195	173
962	3	235	236	214
963	3	235	257	236
964	3	237	258	259
965	3	236	257	258
966	3	105	104	126
967	3	125	147	126
968	3	193	171	192
969	3	148	169	170
970	3	151	150	172
971	3	150	128	149
972	3	215	193	214
973	3	170	191	192
974	3	40	39	61
975	3	103	102	124
976	3	126	104	125
977	3	126	127	105
978	3	83	105	84
979	3	126	148	127
980	3	57	58	36
981	3	83	82	104
982	3	80	81	59
983	3	80	102	81
984	3	82	103	104
985	3	81	102	103
986	3	36	14	35
987	3	36	15	14
988	3	36	37	15
989	3	57	36	35
990	3	58	37	36
991	3	15	37	16
992	3	60	81	82
993	3	16	38	17
994	3	37	59	38
995	3	58	59	37
996	3	58	80	59
997	3	59	60	38
998	3	59	81	60
999	3	38	39	17
1000	3	17	39	18
1001	3	38	60	39
1002	3	63	41	62
1003	3	18	39	40
1004	3	62	61	83
1005	3	39	60	61
1006	3	62	83	84
1007	3	61	82	83
1008	3	129	151	130
1009	3	83	104	105
1010	3	105	106	84
1011	3	64	86	65
1012	3	84	106	85
1013	3	105	127	106
1014	3	129	108	107
1015	3	106	127	128
1016	3	40	19	18
1017	3	20	42	21
1018	3	40	41	19
1019	3	40	62	41
1020	3	85	63	84
1021	3	40	61	62
1022	3	84	63	62
1023	3	85	86	64
1024	3	42	20	41
1025	3	63	42	41
1026	3	43	21	42
1027	3	109	88	87
1028	3	22	43	44
1029	3	65	66	44
1030	3	65	87	66
1031	3	109	110	88
1032	3	109	131	110
1033	3	132	131	153
1034	3	109	108	130
1035	3	43	64	65
1036	3	42	63	64
1037	3	108	87	86
1038	3	88	66	87
1039	3	106	107	85
1040	3	106	128	107
1041	3	107	108	86
1042	3	129	128	150
1043	3	152	130	151
1044	3	131	109	130
1045	3	173	152	151
1046	3	153	131	152
1047	3	174	173	195
1048	3	195	216	217
1049	3	132	153	154
1050	3	153	175	154
1051	3	153	152	174
1052	3	154	175	176
1053	3	176	175	197
1054	3	198	197	219
1055	3	242	241	263
1056	3	218	197	196
1057	3	198	176	197
1058	3	240	219	218
1059	3	220	198	219
1060	3	264	242	263
1061	3	220	219	241
1062	3	220	241	242
1063	3	195	217	196
1064	3	216	238	217
1065	3	218	239	240
1066	3	217	238	239
1067	3	241	262	263
1068	3	240	261	262
1069	3	108	129	130
1070	3	107	128	129
1071	3	153	174	175
1072	3	152	173	174
1073	3	174	195	196
1074	3	173	172	194
1075	3	172	150	171
1076	3	128	127	149
1077	3	171	150	149
1078	3	151	129	150
1079	3	193	172	171
1080	3	173	151	172
1081	3	214	193	192
1082	3	216	195	194
1083	3	193	194	172
1084	3	193	215	194
1085	3	236	215	214
1086	3	216	194	215
1087	3	281	260	259
1088	3	261	239	260
1089	3	260	281	282
1090	3	258	257	279
1091	3	281	303	282
1092	3	326	305	304
1093	3	349	348	370
1094	3	326	347	348
1095	3	345	367	346
1096	3	391	370	369
1097	3	349	370	371
1098	3	348	369	370
1099	3	368	390	369
1100	3	389	410	411
1101	3	416	417	395
1102	3	349	327	348
1103	3	393	372	371
1104	3	392	393	371
1105	3	415	437	416
1106	3	262	283	284
1107	3	261	282	283
1108	3	326	327	305
1109	3	326	348	327
1110	3	372	350	371
1111	3	328	327	349
1112	3	395	396	374
1113	3	351	330	329
1114	3	351	350	372
1115	3	329	328	350
1116	3	350	351	329
1117	3	285	286	264
1118	3	307	308	286
1119	3	329	330	308
1120	3	394	372	393
1121	3	351	352	330
1122	3	351	373	352
1123	3	373	395	374
1124	3	352	373	374
1125	3	351	372	373
1126	3	372	394	373
1127	3	393	415	394
1128	3	394	395	373
1129	3	394	415	416
1130	3	460	439	438
1131	3	417	396	395
1132	3	438	439	417
1133	3	439	418	417
1134	3	416	438	417
1135	3	549	528	527
1136	3	482	460	481
1137	3	417	418	396
1138	3	439	461	440
1139	3	439	440	418
1140	3	461	462	440
1141	3	461	483	462
1142	3	484	483	505
1143	3	506	505	527
1144	3	593	571	592
1145	3	548	527	526
1146	3	484	505	506
1147	3	483	504	505
1148	3	570	549	548
1149	3	528	506	527
1150	3	550	549	571
1151	3	550	528	549
1152	3	571	570	592
1153	3	571	549	570
1154	3	459	481	460
1155	3	480	502	481
1156	3	548	526	547
1157	3	527	505	526
1158	3	569	548	547
1159	3	549	527	548
1160	3	437	438	416
1161	3	437	459	438
1162	3	438	459	460
1163	3	437	458	459
1164	3	503	482	481
1165	3	483	461	482
1166	3	434	435	413
1167	3	434	456	435
1168	3	458	479	480
1169	3	457	478	479
1170	3	524	503	502
1171	3	504	482	503
1172	3	522	523	501
1173	3	524	545	546
1174	3	546	525	524
1175	3	526	504	525
1176	3	523	545	524
1177	3	568	547	546
1178	3	566	567	545
1179	3	566	587	588
1180	3	479	500	501
1181	3	478	499	500
1182	3	522	544	523
1183	3	544	543	565
1184	3	521	543	522
1185	3	611	612	590
1186	3	500	521	522
1187	3	498	497	519
1188	3	520	542	521
1189	3	585	563	584
1190	3	523	544	545
1191	3	522	543	544
1192	3	387	408	409
1193	3	430	408	429
1194	3	432	411	410
1195	3	390	391	369
1196	3	412	433	434
1197	3	411	432	433
1198	3	433	412	411
1199	3	413	391	412
1200	3	475	476	454
1201	3	478	457	456
1202	3	477	456	455
1203	3	457	435	456
1204	3	456	477	478
1205	3	455	454	476
1206	3	325	324	346
1207	3	325	304	303
1208	3	304	325	326
1209	3	303	281	302
1210	3	347	368	369
1211	3	365	366	344
1212	3	324	302	323
1213	3	281	259	280
1214	3	325	303	324
1215	3	281	280	302
1216	3	324	303	302
1217	3	304	282	303
1218	3	278	279	257
1219	3	301	302	280
1220	3	278	300	279
1221	3	323	302	301
1222	3	300	322	301
1223	3	321	343	322
1224	3	323	344	345
1225	3	322	343	344
1226	3	346	367	368
1227	3	345	366	367
1228	3	412	390	411
1229	3	368	367	389
1230	3	389	390	368
1231	3	389	411	390
1232	3	389	388	410
1233	3	389	367	388
1234	3	388	409	410
1235	3	388	387	409
1236	3	410	431	432
1237	3	409	408	430
1238	3	255	277	256
1239	3	299	298	320
1240	3	279	300	301
1241	3	278	277	299
1242	3	408	387	386
1243	3	388	366	387
1244	3	276	255	254
1245	3	256	234	255
1246	3	298	277	276
1247	3	278	256	277
1248	3	297	298	276
1249	3	320	321	299
1250	3	278	299	300
1251	3	277	298	299
1252	3	342	364	343
1253	3	342	363	364
1254	3	364	365	343
1255	3	364	386	365
1256	3	451	430	429
1257	3	431	409	430
1258	3	432	453	454
1259	3	431	452	453
1260	3	517	496	495
1261	3	497	475	496
1262	3	518	497	496
1263	3	476	477	455
1264	3	498	476	497
1265	3	454	453	475
1266	3	497	476	475
1267	3	498	477	476
1268	3	519	520	498
1269	3	542	543	521
1270	3	519	541	520
1271	3	585	584	606
1272	3	541	563	542
1273	3	540	539	561
1274	3	543	564	565
1275	3	543	542	564
1276	3	539	518	517
1277	3	541	542	520
1278	3	518	519	497
1279	3	518	540	519
1280	3	540	541	519
1281	3	540	562	541
1282	3	541	562	563
1283	3	539	560	561
1284	3	562	584	563
1285	3	582	560	581
1286	3	586	585	607
1287	3	585	606	607
1288	3	649	628	627
1289	3	649	648	670
1290	3	608	586	607
1291	3	564	563	585
1292	3	587	586	608
1293	3	564	585	586
1294	3	608	629	630
1295	3	607	628	629
1296	3	695	674	673
1297	3	629	628	650
1298	3	718	697	696
1299	3	652	651	673
1300	3	672	694	673
1301	3	759	737	758
1302	3	672	650	671
1303	3	651	629	650
1304	3	693	672	671
1305	3	673	651	672
1306	3	693	694	672
1307	3	715	714	736
1308	3	717	716	738
1309	3	694	693	715
1310	3	717	738	739
1311	3	716	737	738
1312	3	783	761	782
1313	3	738	737	759
1314	3	781	803	782
1315	3	826	827	805
1316	3	803	825	804
1317	3	847	848	826
1318	3	869	848	847
1319	3	869	891	870
1320	3	804	783	782
1321	3	762	740	761
1322	3	783	805	784
1323	3	783	804	805
1324	3	785	806	807
1325	3	784	805	806
1326	3	740	718	739
1327	3	695	716	717
1328	3	718	740	719
1329	3	739	761	740
1330	3	760	761	739
1331	3	760	782	761
1332	3	783	762	761
1333	3	786	807	808
1334	3	696	697	675
1335	3	719	720	698
1336	3	632	654	633
1337	3	697	719	698
1338	3	717	718	696
1339	3	717	739	718
1340	3	786	764	785
1341	3	741	762	763
1342	3	784	785	763
1343	3	784	806	785
1344	3	874	853	852
1345	3	852	830	851
1346	3	809	810	788
1347	3	765	743	764
1348	3	744	723	722
1349	3	742	741	763
1350	3	851	830	829
1351	3	831	809	830
1352	3	741	720	719
1353	3	741	742	720
1354	3	743	742	764
1355	3	721	720	742
1356	3	767	768	746
1357	3	721	742	743
1358	3	785	764	763
1359	3	786	787	765
1360	3	675	676	654
1361	3	676	677	655
1362	3	699	677	698
1363	3	654	653	675
1364	3	634	655	656
1365	3	676	698	677
1366	3	675	653	674
1367	3	630	651	652
1368	3	674	653	652
1369	3	654	632	653
1370	3	696	675	674
1371	3	697	676	675
1372	3	609	587	608
1373	3	565	564	586
1374	3	630	609	608
1375	3	612	633	634
1376	3	610	631	632
1377	3	609	630	631
1378	3	566	565	587
1379	3	566	544	565
1380	3	609	588	587
1381	3	611	632	633
1382	3	609	610	588
1383	3	609	631	610
1384	3	676	655	654
1385	3	656	657	635
1386	3	567	589	568
1387	3	588	610	589
1388	3	612	611	633
1389	3	589	610	611
1390	3	635	613	634
1391	3	591	569	590
1392	3	677	656	655
1393	3	722	700	721
1394	3	720	699	698
1395	3	722	743	744
1396	3	656	678	657
1397	3	699	721	700
1398	3	677	678	656
1399	3	677	699	678
1400	3	659	658	680
1401	3	678	700	679
1402	3	702	701	723
1403	3	679	700	701
1404	3	590	569	568
1405	3	570	548	569
1406	3	611	590	589
1407	3	612	613	591
1408	3	612	591	590
1409	3	592	570	591
1410	3	591	613	592
1411	3	612	634	613
1412	3	614	593	592
1413	3	594	572	593
1414	3	613	614	592
1415	3	613	635	614
1416	3	656	635	634
1417	3	657	658	636
1418	3	571	572	550
1419	3	571	593	572
1420	3	614	615	593
1421	3	614	636	615
1422	3	659	638	637
1423	3	681	682	660
1424	3	681	703	682
1425	3	681	680	702
1426	3	703	704	682
1427	3	657	636	635
1428	3	637	615	636
1429	3	637	658	659
1430	3	657	679	658
1431	3	659	680	681
1432	3	679	701	680
1433	3	703	702	724
1434	3	703	681	702
1435	3	724	723	745
1436	3	701	700	722
1437	3	725	724	746
1438	3	725	703	724
1439	3	745	746	724
1440	3	768	747	746
1441	3	725	726	704
1442	3	748	769	770
1443	3	725	747	726
1444	3	725	746	747
1445	3	726	747	748
1446	3	770	791	792
1447	3	814	813	835
1448	3	814	792	813
1449	3	857	836	835
1450	3	769	768	790
1451	3	769	747	768
1452	3	810	811	789
1453	3	834	835	813
1454	3	833	812	811
1455	3	813	791	812
1456	3	833	834	812
1457	3	833	855	834
1458	3	788	789	767
1459	3	811	790	789
1460	3	808	809	787
1461	3	832	833	811
1462	3	831	832	810
1463	3	831	853	832
1464	3	701	722	723
1465	3	721	743	722
1466	3	765	766	744
1467	3	767	746	745
1468	3	744	766	745
1469	3	789	768	767
1470	3	723	744	745
1471	3	743	765	744
1472	3	786	765	764
1473	3	766	767	745
1474	3	787	766	765
1475	3	787	788	766
1476	3	809	788	787
1477	3	810	789	788
1478	3	830	809	808
1479	3	831	810	809
1480	3	830	852	831
1481	3	874	873	895
1482	3	875	854	853
1483	3	855	833	854
1484	3	875	874	896
1485	3	938	917	916
1486	3	897	898	876
1487	3	919	940	941
1488	3	898	920	899
1489	3	943	964	965
1490	3	921	920	942
1491	3	921	899	920
1492	3	941	962	963
1493	3	967	966	988
1494	3	942	941	963
1495	3	1008	1030	1009
1496	3	943	944	922
1497	3	1008	986	1007
1498	3	943	965	944
1499	3	964	986	965
1500	3	1011	990	989
1501	3	965	986	987
1502	3	921	900	899
1503	3	879	858	857
1504	3	921	922	900
1505	3	921	943	922
1506	3	942	943	921
1507	3	942	964	943
1508	3	856	857	835
1509	3	856	878	857
1510	3	877	878	856
1511	3	877	899	878
1512	3	922	901	900
1513	3	880	858	879
1514	3	900	901	879
1515	3	945	946	924
1516	3	902	880	901
1517	3	923	902	901
1518	3	923	924	902
1519	3	946	967	968
1520	3	966	965	987
1521	3	1033	1012	1011
1522	3	922	923	901
1523	3	922	944	923
1524	3	944	945	923
1525	3	944	966	945
1526	3	945	966	967
1527	3	944	965	966
1528	3	1009	988	987
1529	3	1010	1011	989
1530	3	1054	1033	1032
1531	3	1033	1011	1032
1532	3	1031	1053	1032
1533	3	1012	990	1011
1534	3	1077	1056	1055
1535	3	1034	1012	1033
1536	3	988	989	967
1537	3	988	1010	989
1538	3	1055	1056	1034
1539	3	1055	1034	1033
1540	3	1077	1099	1078
1541	3	1077	1078	1056
1542	3	1054	1055	1033
1543	3	1054	1076	1055
1544	3	1031	1052	1053
1545	3	1099	1100	1078
1546	3	1054	1075	1076
1547	3	1098	1099	1077
1548	3	1053	1075	1054
1549	3	1055	1076	1077
1550	3	1075	1097	1076
1551	3	1076	1097	1098
1552	3	1095	1073	1094
1553	3	988	1009	1010
1554	3	987	986	1008
1555	3	1029	1051	1030
1556	3	1051	1073	1052
1557	3	1032	1053	1054
1558	3	1052	1074	1053
1559	3	940	961	962
1560	3	1007	986	985
1561	3	987	1008	1009
1562	3	1007	1029	1008
1563	3	1028	1050	1029
1564	3	1072	1073	1051
1565	3	1052	1073	1074
1566	3	1072	1094	1073
1567	3	1075	1074	1096
1568	3	1075	1053	1074
1569	3	1074	1073	1095
1570	3	1075	1096	1097
1571	3	1074	1095	1096
1572	3	985	984	1006
1573	3	1050	1072	1051
1574	3	1027	1049	1028
1575	3	1071	1092	1093
1576	3	1029	1050	1051
1577	3	1049	1071	1050
1578	3	1025	1024	1046
1579	3	1048	1049	1027
1580	3	1048	1070	1049
1581	3	1048	1026	1047
1582	3	1050	1071	1072
1583	3	1070	1092	1071
1584	3	984	983	1005
1585	3	939	940	918
1586	3	1027	1005	1026
1587	3	983	982	1004
1588	3	1004	1005	983
1589	3	1004	1026	1005
1590	3	984	962	983
1591	3	963	964	942
1592	3	1006	984	1005
1593	3	985	963	984
1594	3	1027	1006	1005
1595	3	1007	985	1006
1596	3	1048	1027	1026
1597	3	1028	1006	1027
1598	3	898	919	920
1599	3	897	896	918
1600	3	920	941	942
1601	3	940	962	941
1602	3	984	963	962
1603	3	985	964	963
1604	3	873	852	851
1605	3	853	831	852
1606	3	876	875	897
1607	3	852	873	874
1608	3	854	875	876
1609	3	853	874	875
1610	3	849	871	850
1611	3	894	873	872
1612	3	896	895	917
1613	3	873	894	895
1614	3	875	896	897
1615	3	874	895	896
1616	3	919	918	940
1617	3	895	894	916
1618	3	897	918	919
1619	3	896	917	918
1620	3	959	960	938
1621	3	961	940	939
1622	3	962	961	983
1623	3	938	937	959
1624	3	939	938	960
1625	3	939	917	938
1626	3	936	958	937
1627	3	980	981	959
1628	3	939	960	961
1629	3	959	981	960
1630	3	871	870	892
1631	3	916	937	938
1632	3	892	914	893
1633	3	892	913	914
1634	3	937	916	915
1635	3	917	895	916
1636	3	848	849	827
1637	3	871	892	893
1638	3	848	870	849
1639	3	848	869	870
1640	3	850	871	872
1641	3	849	870	871
1642	3	893	914	915
1643	3	913	935	914
1644	3	914	935	936
1645	3	956	955	977
1646	3	915	936	937
1647	3	935	957	936
1648	3	937	958	959
1649	3	956	934	955
1650	3	958	980	959
1651	3	957	935	956
1652	3	1001	1023	1002
1653	3	1001	1000	1022
1654	3	1023	1024	1002
1655	3	1046	1045	1067
1656	3	960	981	982
1657	3	980	1002	981
1658	3	982	1003	1004
1659	3	981	1002	1003
1660	3	1004	1025	1026
1661	3	1003	1024	1025
1662	3	1048	1047	1069
1663	3	1024	1023	1045
1664	3	1046	1068	1047
1665	3	1091	1092	1070
1666	3	1068	1067	1089
1667	3	1025	1046	1047
1668	3	1045	1044	1066
1669	3	1066	1067	1045
1670	3	1090	1069	1068
1671	3	1047	1068	1069
1672	3	1046	1067	1068
1673	3	1091	1069	1090
1674	3	1024	1045	1046
1675	3	1023	1044	1045
1676	3	1089	1067	1088
1677	3	1090	1068	1089
1678	3	958	979	980
1679	3	978	1000	979
1680	3	979	1000	1001
1681	3	1042	1020	1041
1682	3	1001	1022	1023
1683	3	1000	999	1021
1684	3	957	956	978
1685	3	977	999	978
1686	3	978	999	1000
1687	3	977	976	998
1688	3	1000	1021	1022
1689	3	999	1020	1021
1690	3	1022	1043	1044
1691	3	1021	1020	1042
1692	3	1088	1066	1087
1693	3	1064	1042	1063
1694	3	1065	1066	1044
1695	3	1065	1087	1066
1696	3	1062	1063	1041
1697	3	1062	1084	1063
1698	3	1085	1064	1063
1699	3	1065	1043	1064
1700	3	1085	1086	1064
1701	3	1019	1040	1041
1702	3	1061	1083	1062
1703	3	1083	1084	1062
1704	3	1084	1085	1063
1705	3	976	975	997
1706	3	973	972	994
1707	3	997	996	1018
1708	3	974	952	973
1709	3	995	1016	1017
1710	3	1040	1062	1041
1711	3	954	953	975
1712	3	932	910	931
1713	3	1020	998	1019
1714	3	975	996	997
1715	3	977	998	999
1716	3	976	997	998
1717	3	1063	1042	1041
1718	3	1064	1043	1042
1719	3	911	910	932
1720	3	955	976	977
1721	3	932	953	954
1722	3	952	974	953
1723	3	934	933	955
1724	3	933	911	932
1725	3	952	930	951
1726	3	909	910	888
1727	3	887	908	909
1728	3	930	952	931
1729	3	931	952	953
1730	3	951	973	952
1731	3	842	843	821
1732	3	865	864	886
1733	3	844	865	866
1734	3	886	885	907
1735	3	865	886	887
1736	3	885	884	906
1737	3	800	822	801
1738	3	821	843	822
1739	3	864	865	843
1740	3	887	866	865
1741	3	887	888	866
1742	3	887	909	888
1743	3	930	909	908
1744	3	931	910	909
1745	3	846	845	867
1746	3	823	844	845
1747	3	846	867	868
1748	3	866	888	867
1749	3	867	889	868
1750	3	888	910	889
1751	3	953	932	931
1752	3	933	934	912
1753	3	954	933	932
1754	3	956	977	978
1755	3	954	955	933
1756	3	954	976	955
1757	3	892	891	913
1758	3	889	910	911
1759	3	979	957	978
1760	3	935	934	956
1761	3	958	957	979
1762	3	958	936	957
1763	3	824	803	802
1764	3	801	802	780
1765	3	868	890	869
1766	3	868	889	890
1767	3	890	891	869
1768	3	890	912	891
1769	3	912	911	933
1770	3	912	890	911
1771	3	760	781	782
1772	3	824	823	845
1773	3	847	825	846
1774	3	804	782	803
1775	3	826	825	847
1776	3	826	804	825
1777	3	823	801	822
1778	3	778	756	777
1779	3	781	802	803
1780	3	779	758	757
1781	3	801	823	802
1782	3	846	825	824
1783	3	713	735	714
1784	3	737	716	715
1785	3	715	736	737
1786	3	713	691	712
1787	3	780	758	779
1788	3	735	713	734
1789	3	694	715	716
1790	3	693	714	715
1791	3	759	758	780
1792	3	736	757	758
1793	3	760	759	781
1794	3	760	738	759
1795	3	781	780	802
1796	3	781	759	780
1797	3	650	649	671
1798	3	626	625	647
1799	3	628	649	650
1800	3	627	648	649
1801	3	649	670	671
1802	3	648	669	670
1803	3	562	561	583
1804	3	562	540	561
1805	3	604	605	583
1806	3	584	562	583
1807	3	582	604	583
1808	3	626	627	605
1809	3	603	582	581
1810	3	583	561	582
1811	3	580	602	581
1812	3	625	626	604
1813	3	603	604	582
1814	3	603	625	604
1815	3	624	625	603
1816	3	624	646	625
1817	3	648	647	669
1818	3	648	626	647
1819	3	712	691	690
1820	3	714	693	692
1821	3	691	692	670
1822	3	691	713	692
1823	3	733	712	711
1824	3	690	668	689
1825	3	689	711	690
1826	3	735	757	736
1827	3	734	713	712
1828	3	714	692	713
1829	3	579	580	558
1830	3	580	601	602
1831	3	579	601	580
1832	3	624	603	602
1833	3	667	668	646
1834	3	667	689	668
1835	3	600	578	599
1836	3	579	557	578
1837	3	602	601	623
1838	3	579	578	600
1839	3	620	641	642
1840	3	644	623	622
1841	3	666	645	644
1842	3	667	646	645
1843	3	686	687	665
1844	3	688	667	666
1845	3	732	711	710
1846	3	689	667	688
1847	3	733	711	732
1848	3	712	690	711
1849	3	753	732	731
1850	3	711	689	710
1851	3	731	732	710
1852	3	735	756	757
1853	3	754	755	733
1854	3	754	776	755
1855	3	754	733	732
1856	3	755	756	734
1857	3	733	734	712
1858	3	733	755	734
1859	3	756	735	734
1860	3	736	714	735
1861	3	780	779	801
1862	3	757	756	778
1863	3	779	800	801
1864	3	821	820	842
1865	3	844	823	822
1866	3	824	802	823
1867	3	779	778	800
1868	3	755	776	777
1869	3	799	778	777
1870	3	779	757	778
1871	3	778	799	800
1872	3	777	776	798
1873	3	800	821	822
1874	3	799	820	821
1875	3	709	708	730
1876	3	730	752	731
1877	3	799	798	820
1878	3	799	777	798
1879	3	798	819	820
1880	3	798	797	819
1881	3	773	752	751
1882	3	774	753	752
1883	3	775	774	796
1884	3	775	753	774
1885	3	818	797	796
1886	3	798	776	797
1887	3	643	664	665
1888	3	710	709	731
1889	3	642	663	664
1890	3	684	706	685
1891	3	750	729	728
1892	3	730	708	729
1893	3	685	686	664
1894	3	707	706	728
1895	3	665	687	666
1896	3	709	730	731
1897	3	686	708	687
1898	3	686	685	707
1899	3	688	709	710
1900	3	687	708	709
1901	3	601	600	622
1902	3	573	552	551
1903	3	622	643	644
1904	3	621	599	620
1905	3	644	665	666
1906	3	664	686	665
1907	3	576	575	597
1908	3	599	578	577
1909	3	554	553	575
1910	3	621	622	600
1911	3	621	600	599
1912	3	601	579	600
1913	3	532	553	554
1914	3	552	574	553
1915	3	599	577	598
1916	3	598	577	576
1917	3	555	576	577
1918	3	554	575	576
1919	3	599	598	620
1920	3	663	684	685
1921	3	621	620	642
1922	3	596	575	574
1923	3	598	597	619
1924	3	574	552	573
1925	3	621	642	643
1926	3	641	663	642
1927	3	596	595	617
1928	3	640	641	619
1929	3	574	573	595
1930	3	661	662	640
1931	3	664	663	685
1932	3	641	640	662
1933	3	596	574	595
1934	3	575	553	574
1935	3	619	597	618
1936	3	598	576	597
1937	3	598	619	620
1938	3	618	640	619
1939	3	618	617	639
1940	3	618	639	640
1941	3	597	596	618
1942	3	597	575	596
1943	3	639	661	640
1944	3	662	684	663
1945	3	683	684	662
1946	3	641	662	663
1947	3	661	683	662
1948	3	707	729	708
1949	3	727	728	706
1950	3	728	729	707
1951	3	705	706	684
1952	3	705	727	706
1953	3	686	707	708
1954	3	685	706	707
1955	3	749	728	727
1956	3	751	752	730
1957	3	750	751	729
1958	3	772	794	773
1959	3	795	773	794
1960	3	774	752	773
1961	3	796	795	817
1962	3	796	774	795
1963	3	771	772	750
1964	3	749	750	728
1965	3	749	771	750
1966	3	751	772	773
1967	3	771	793	772
1968	3	772	793	794
1969	3	793	815	794
1970	3	881	860	859
1971	3	882	860	881
1972	3	882	881	903
1973	3	969	948	947
1974	3	904	883	882
1975	3	948	969	970
1976	3	926	905	904
1977	3	929	951	930
1978	3	947	926	925
1979	3	927	905	926
1980	3	971	949	970
1981	3	949	927	948
1982	3	837	816	815
1983	3	817	795	816
1984	3	861	839	860
1985	3	816	837	838
1986	3	882	861	860
1987	3	862	841	840
1988	3	903	904	882
1989	3	903	925	904
1990	3	838	817	816
1991	3	862	861	883
1992	3	838	839	817
1993	3	838	860	839
1994	3	819	840	841
1995	3	839	861	840
1996	3	841	862	863
1997	3	840	861	862
1998	3	863	864	842
1999	3	886	908	887
2000	3	863	885	864
2001	3	906	884	905
2002	3	864	885	886
2003	3	863	884	885
2004	3	927	928	906
2005	3	929	908	907
2006	3	906	928	907
2007	3	950	951	929
2008	3	927	906	905
2009	3	907	885	906
2010	3	948	927	926
2011	3	928	929	907
2012	3	949	928	927
2013	3	950	929	928
2014	3	970	949	948
2015	3	950	928	949
2016	3	971	993	972
2017	3	993	992	1014
2018	3	993	1015	994
2019	3	1015	1037	1016
2020	3	996	1017	1018
2021	3	996	995	1017
2022	3	974	973	995
2023	3	951	972	973
2024	3	975	974	996
2025	3	975	953	974
2026	3	1016	995	994
2027	3	996	974	995
2028	3	1017	1039	1018
2029	3	1039	1038	1060
2030	3	1040	1061	1062
2031	3	1040	1039	1061
2032	3	1038	1059	1060
2033	3	1018	1039	1040
2034	3	1017	1038	1039
2035	3	1080	1081	1059
2036	3	1082	1083	1061
2037	3	1037	1036	1058
2038	3	1081	1082	1060
2039	3	1015	1014	1036
2040	3	1036	1035	1057
2041	3	1016	1037	1038
2042	3	1014	1013	1035
2043	3	1058	1057	1079
2044	3	992	993	971
2045	3	972	950	971
2046	3	972	993	994
2047	3	971	970	992
2048	3	994	1015	1016
2049	3	993	1014	1015
2050	3	969	991	970
2051	3	991	992	970
2052	3	991	1013	992
2053	3	1058	1080	1059
2054	3	1015	1036	1037
2055	3	1014	1035	1036
2056	3	1079	1080	1058
2057	3	1037	1058	1059
2058	3	1036	1057	1058
0
0

